117.16927339,39.10859472,-4.64,358.66,0.00
117.16927510,39.10859476,-4.67,358.66,0.64
117.16927654,39.10859473,-4.67,358.68,0.78
117.16927774,39.10859471,-4.66,358.70,0.97
117.16928064,39.10859466,-4.66,358.78,1.28
117.16928232,39.10859463,-4.66,358.83,1.39
117.16928414,39.10859459,-4.66,358.87,1.53
117.16928608,39.10859455,-4.66,358.94,1.64
117.16928812,39.10859452,-4.66,359.05,1.69
117.16929024,39.10859448,-4.66,359.18,1.75
117.16929237,39.10859442,-4.65,359.34,1.81
117.16929452,39.10859439,-4.65,359.54,1.81
117.16929666,39.10859436,-4.65,359.73,1.81
117.16930090,39.10859434,-4.65,0.05,1.81
117.16930298,39.10859434,-4.65,0.21,1.81
117.16930503,39.10859434,-4.65,0.34,1.78
117.16930706,39.10859435,-4.65,0.43,1.75
117.16930907,39.10859436,-4.65,0.49,1.72
117.16931104,39.10859438,-4.65,0.53,1.69
117.16931297,39.10859442,-4.66,0.50,1.67
117.16931490,39.10859444,-4.66,0.43,1.67
117.16931781,39.10859445,-4.66,0.32,1.67
117.16932178,39.10859444,-4.66,0.19,1.67
117.16932378,39.10859444,-4.66,0.11,1.69
117.16932579,39.10859443,-4.66,0.05,1.69
117.16932779,39.10859444,-4.66,0.03,1.69
117.16932979,39.10859449,-4.65,0.01,1.69
117.16933181,39.10859452,-4.65,359.98,1.72
117.16933386,39.10859452,-4.65,359.96,1.75
117.16933593,39.10859452,-4.65,359.95,1.75
117.16933803,39.10859451,-4.65,359.93,1.75
117.16934013,39.10859451,-4.65,359.92,1.75
117.16934222,39.10859451,-4.65,359.94,1.75
117.16934432,39.10859451,-4.64,359.96,1.78
117.16934642,39.10859450,-4.64,359.98,1.81
117.16934854,39.10859449,-4.64,0.00,1.81
117.16935072,39.10859447,-4.65,0.02,1.81
117.16935294,39.10859446,-4.65,0.04,1.83
117.16935513,39.10859445,-4.65,0.05,1.83
117.16935731,39.10859444,-4.65,0.06,1.83
117.16935949,39.10859444,-4.65,0.05,1.83
117.16936164,39.10859444,-4.65,0.00,1.83
117.16936378,39.10859443,-4.65,359.91,1.81
117.16936589,39.10859442,-4.65,359.81,1.81
117.16936799,39.10859442,-4.65,359.72,1.81
117.16937010,39.10859441,-4.65,359.62,1.81
117.16937220,39.10859442,-4.65,359.55,1.81
117.16937431,39.10859443,-4.65,359.52,1.81
117.16937645,39.10859441,-4.64,359.52,1.83
117.16937859,39.10859440,-4.64,359.53,1.83
117.16938073,39.10859438,-4.64,359.54,1.83
117.16938497,39.10859430,-4.64,359.55,1.83
117.16938709,39.10859427,-4.64,359.56,1.83
117.16938923,39.10859424,-4.64,359.56,1.83
117.16939139,39.10859423,-4.64,359.57,1.83
117.16939360,39.10859423,-4.64,359.58,1.83
117.16939582,39.10859422,-4.64,359.58,1.86
117.16939910,39.10859420,-4.64,359.59,1.86
117.16940019,39.10859419,-4.64,359.60,1.89
117.16940353,39.10859416,-4.64,359.60,1.89
117.16940579,39.10859413,-4.64,359.59,1.92
117.16940807,39.10859410,-4.64,359.60,1.92
117.16941035,39.10859407,-4.63,359.60,1.92
117.16941263,39.10859404,-4.63,359.60,1.94
117.16941492,39.10859398,-4.64,359.59,1.94
117.16941724,39.10859390,-4.65,359.57,1.94
117.16941955,39.10859386,-4.65,359.56,1.94
117.16942186,39.10859384,-4.65,359.56,1.97
117.16942418,39.10859382,-4.65,359.54,1.97
117.16942653,39.10859379,-4.65,359.53,1.97
117.16942889,39.10859376,-4.65,359.52,2.00
117.16943127,39.10859373,-4.65,359.50,2.03
117.16943369,39.10859371,-4.65,359.49,2.03
117.16943613,39.10859369,-4.64,359.48,2.06
117.16943858,39.10859368,-4.65,359.46,2.11
117.16944105,39.10859368,-4.65,359.45,2.11
117.16944356,39.10859366,-4.65,359.45,2.11
117.16944608,39.10859363,-4.65,359.46,2.17
117.16944863,39.10859361,-4.65,359.45,2.17
117.16944991,39.10859360,-4.65,359.45,2.17
117.16945247,39.10859357,-4.65,359.47,2.17
117.16945504,39.10859354,-4.65,359.47,2.17
117.16945761,39.10859352,-4.65,359.47,2.19
117.16946020,39.10859351,-4.65,359.47,2.22
117.16946281,39.10859350,-4.65,359.46,2.25
117.16946543,39.10859353,-4.65,359.47,2.25
117.16946809,39.10859355,-4.66,359.48,2.31
117.16947079,39.10859353,-4.66,359.47,2.31
117.16947349,39.10859351,-4.65,359.49,2.31
117.16947619,39.10859347,-4.65,359.53,2.31
117.16947890,39.10859343,-4.65,359.55,2.33
117.16948164,39.10859340,-4.65,359.57,2.33
117.16948439,39.10859339,-4.65,359.60,2.36
117.16948715,39.10859339,-4.65,359.63,2.36
117.16948994,39.10859340,-4.66,359.70,2.36
117.16949275,39.10859342,-4.66,359.81,2.36
117.16949554,39.10859344,-4.67,359.94,2.36
117.16949831,39.10859345,-4.67,0.04,2.36
117.16950106,39.10859347,-4.67,0.16,2.39
117.16950385,39.10859348,-4.67,0.29,2.39
117.16950665,39.10859350,-4.67,0.40,2.39
117.16950946,39.10859353,-4.68,0.51,2.42
117.16951228,39.10859356,-4.68,0.61,2.42
117.16951510,39.10859357,-4.67,0.74,2.42
117.16951796,39.10859361,-4.68,0.86,2.42
117.16952088,39.10859369,-4.68,0.96,2.42
117.16952379,39.10859375,-4.68,1.03,2.42
117.16952664,39.10859379,-4.68,1.05,2.44
117.16952950,39.10859383,-4.68,1.05,2.44
117.16953240,39.10859389,-4.69,1.08,2.44
117.16953822,39.10859403,-4.69,1.12,2.44
117.16954111,39.10859408,-4.69,1.17,2.44
117.16954399,39.10859414,-4.69,1.23,2.44
117.16954824,39.10859423,-4.69,1.30,2.47
117.16955108,39.10859428,-4.69,1.35,2.44
117.16955396,39.10859433,-4.69,1.39,2.44
117.16955685,39.10859437,-4.70,1.45,2.44
117.16955974,39.10859442,-4.70,1.51,2.47
117.16956265,39.10859449,-4.70,1.54,2.47
117.16956555,39.10859455,-4.70,1.60,2.47
117.16956844,39.10859459,-4.70,1.66,2.44
117.16957128,39.10859467,-4.70,1.65,2.44
117.16957411,39.10859476,-4.70,1.57,2.44
117.16957696,39.10859482,-4.70,1.49,2.44
117.16957984,39.10859490,-4.70,1.40,2.47
117.16958277,39.10859498,-4.69,1.30,2.50
117.16958573,39.10859505,-4.69,1.20,2.53
117.16958872,39.10859511,-4.69,1.10,2.56
117.16959175,39.10859516,-4.69,0.97,2.58
117.16959482,39.10859520,-4.69,0.84,2.58
117.16959790,39.10859524,-4.69,0.71,2.58
117.16960098,39.10859525,-4.69,0.57,2.61
117.16960407,39.10859526,-4.69,0.43,2.64
117.16960727,39.10859532,-4.69,0.30,2.67
117.16961051,39.10859538,-4.69,0.16,2.69
117.16961211,39.10859539,-4.69,0.09,2.72
117.16961532,39.10859538,-4.69,359.95,2.78
117.16961856,39.10859536,-4.69,359.80,2.81
117.16962185,39.10859534,-4.69,359.67,2.83
117.16962518,39.10859532,-4.69,359.56,2.86
117.16962855,39.10859529,-4.69,359.48,2.89
117.16963193,39.10859525,-4.69,359.44,2.89
117.16963531,39.10859520,-4.68,359.44,2.89
117.16963868,39.10859517,-4.68,359.42,2.89
117.16964202,39.10859513,-4.68,359.41,2.89
117.16964536,39.10859509,-4.68,359.40,2.89
117.16964871,39.10859506,-4.68,359.39,2.89
117.16965205,39.10859504,-4.67,359.38,2.86
117.16965538,39.10859499,-4.67,359.36,2.86
117.16965872,39.10859493,-4.67,359.34,2.89
117.16966208,39.10859487,-4.67,359.32,2.89
117.16966548,39.10859482,-4.67,359.31,2.92
117.16966891,39.10859478,-4.67,359.29,2.94
117.16967234,39.10859474,-4.67,359.26,2.97
117.16967573,39.10859469,-4.66,359.23,3.03
117.16967918,39.10859465,-4.65,359.19,3.06
117.16968273,39.10859460,-4.65,359.15,3.08
117.16968633,39.10859455,-4.65,359.10,3.11
117.16968999,39.10859449,-4.65,359.06,3.14
117.16969368,39.10859442,-4.65,359.01,3.14
117.16969739,39.10859435,-4.64,358.96,3.14
117.16970110,39.10859429,-4.64,358.92,3.14
117.16970480,39.10859423,-4.64,358.86,3.17
117.16970849,39.10859416,-4.64,358.81,3.19
117.16971217,39.10859410,-4.64,358.79,3.19
117.16971587,39.10859403,-4.64,358.78,3.25
117.16971963,39.10859396,-4.64,358.80,3.28
117.16972343,39.10859389,-4.63,358.85,3.28
117.16972727,39.10859383,-4.63,358.90,3.31
117.16973504,39.10859372,-4.64,359.01,3.31
117.16973890,39.10859366,-4.64,359.07,3.31
117.16974272,39.10859361,-4.64,359.12,3.31
117.16974845,39.10859348,-4.64,359.25,3.33
117.16975229,39.10859338,-4.64,359.37,3.33
117.16975617,39.10859333,-4.64,359.49,3.36
117.16976007,39.10859329,-4.64,359.62,3.36
117.16976400,39.10859327,-4.64,359.76,3.36
117.16976795,39.10859326,-4.64,359.90,3.36
117.16977188,39.10859326,-4.64,0.04,3.36
117.16977579,39.10859328,-4.64,0.16,3.36
117.16977969,39.10859330,-4.64,0.28,3.36
117.16978358,39.10859332,-4.64,0.40,3.36
117.16978751,39.10859336,-4.65,0.51,3.36
117.16979149,39.10859342,-4.66,0.59,3.36
117.16979543,39.10859345,-4.66,0.66,3.36
117.16979937,39.10859348,-4.66,0.70,3.39
117.16980334,39.10859352,-4.66,0.69,3.42
117.16980737,39.10859356,-4.67,0.67,3.42
117.16981137,39.10859361,-4.67,0.65,3.42
117.16981536,39.10859365,-4.68,0.61,3.39
117.16981929,39.10859367,-4.68,0.57,3.39
117.16982323,39.10859369,-4.68,0.53,3.39
117.16982727,39.10859374,-4.68,0.47,3.39
117.16983133,39.10859381,-4.68,0.41,3.42
117.16983333,39.10859383,-4.68,0.37,3.42
117.16983727,39.10859384,-4.68,0.30,3.39
117.16984119,39.10859386,-4.68,0.22,3.36
117.16984519,39.10859383,-4.68,0.16,3.36
117.16984921,39.10859381,-4.68,0.09,3.36
117.16985324,39.10859381,-4.68,0.01,3.36
117.16985723,39.10859380,-4.68,359.94,3.42
117.16986121,39.10859380,-4.68,359.87,3.42
117.16986524,39.10859379,-4.68,359.80,3.44
117.16986932,39.10859377,-4.67,359.76,3.44
117.16987339,39.10859375,-4.66,359.75,3.44
117.16987745,39.10859374,-4.66,359.71,3.44
117.16988153,39.10859373,-4.66,359.67,3.47
117.16988563,39.10859371,-4.66,359.65,3.50
117.16989390,39.10859368,-4.66,359.61,3.50
117.16989803,39.10859365,-4.65,359.58,3.50
117.16990215,39.10859362,-4.65,359.55,3.50
117.16990631,39.10859362,-4.65,359.53,3.50
117.16991050,39.10859365,-4.65,359.50,3.50
117.16991466,39.10859366,-4.65,359.47,3.50
117.16991880,39.10859365,-4.65,359.47,3.56
117.16992297,39.10859363,-4.66,359.44,3.64
117.16992717,39.10859357,-4.65,359.41,3.61
117.16993139,39.10859350,-4.65,359.35,3.64
117.16993562,39.10859347,-4.64,359.32,3.61
117.16993988,39.10859344,-4.64,359.30,3.53
117.16994418,39.10859342,-4.65,359.24,3.64
117.16994845,39.10859341,-4.65,359.17,3.64
117.16995262,39.10859343,-4.67,359.14,3.64
117.16995677,39.10859342,-4.66,359.10,3.58
117.16996099,39.10859334,-4.64,359.04,3.56
117.16996522,39.10859328,-4.62,358.94,3.61
117.16996951,39.10859322,-4.62,358.86,3.72
117.16997383,39.10859316,-4.66,358.78,3.78
117.16997816,39.10859308,-4.69,358.67,3.75
117.16998250,39.10859298,-4.69,358.59,3.67
117.16998682,39.10859288,-4.68,358.49,3.67
117.16999330,39.10859274,-4.67,358.30,3.67
117.16999545,39.10859268,-4.67,358.24,3.69
117.17000193,39.10859249,-4.67,358.05,3.72
117.17000629,39.10859237,-4.67,357.92,3.72
117.17001065,39.10859223,-4.68,357.81,3.75
117.17001505,39.10859209,-4.68,357.69,3.78
117.17001947,39.10859192,-4.67,357.57,3.78
117.17002393,39.10859174,-4.67,357.45,3.83
117.17002845,39.10859156,-4.67,357.32,3.86
117.17003301,39.10859137,-4.67,357.20,3.89
117.17003757,39.10859118,-4.67,357.11,3.89
117.17004207,39.10859100,-4.67,357.03,3.92
117.17004657,39.10859081,-4.67,356.93,3.92
117.17005107,39.10859062,-4.67,356.84,3.89
117.17005556,39.10859041,-4.67,356.77,3.89
117.17006009,39.10859018,-4.66,356.72,3.89
117.17006464,39.10858997,-4.66,356.70,3.89
117.17006921,39.10858976,-4.66,356.69,3.89
117.17007379,39.10858956,-4.66,356.66,3.92
117.17007837,39.10858936,-4.67,356.63,3.92
117.17008293,39.10858915,-4.66,356.60,3.92
117.17008520,39.10858904,-4.65,356.58,3.92
117.17008974,39.10858882,-4.64,356.53,3.89
117.17009425,39.10858861,-4.64,356.46,3.89
117.17009874,39.10858838,-4.63,356.36,3.83
117.17010321,39.10858816,-4.63,356.26,3.86
117.17010770,39.10858790,-4.64,356.17,3.89
117.17011220,39.10858763,-4.63,356.08,3.89
117.17011674,39.10858738,-4.63,355.99,3.92
117.17012132,39.10858713,-4.63,355.89,3.92
117.17012588,39.10858687,-4.62,355.85,3.92
117.17013039,39.10858661,-4.61,355.84,3.92
117.17013491,39.10858635,-4.61,355.83,3.92
117.17013947,39.10858608,-4.61,355.81,3.92
117.17014402,39.10858581,-4.61,355.84,3.89
117.17014853,39.10858555,-4.61,355.90,3.89
117.17015303,39.10858530,-4.61,355.95,3.86
117.17015752,39.10858504,-4.61,356.00,3.83
117.17016196,39.10858480,-4.61,356.06,3.83
117.17016636,39.10858455,-4.62,356.11,3.78
117.17017070,39.10858431,-4.62,356.15,3.78
117.17017499,39.10858409,-4.61,356.19,3.75
117.17017928,39.10858387,-4.62,356.26,3.75
117.17018360,39.10858363,-4.62,356.32,3.75
117.17018792,39.10858341,-4.62,356.36,3.75
117.17019654,39.10858294,-4.61,356.48,3.72
117.17020084,39.10858271,-4.61,356.55,3.69
117.17020511,39.10858250,-4.61,356.63,3.69
117.17020936,39.10858229,-4.60,356.70,3.67
117.17021363,39.10858209,-4.60,356.74,3.67
117.17021798,39.10858189,-4.60,356.70,3.67
117.17022233,39.10858169,-4.59,356.64,3.69
117.17022665,39.10858147,-4.59,356.60,3.75
117.17023101,39.10858125,-4.59,356.57,3.75
117.17023538,39.10858102,-4.59,356.59,3.75
117.17023978,39.10858078,-4.58,356.68,3.78
117.17024640,39.10858047,-4.58,356.83,3.78
117.17025081,39.10858028,-4.58,356.91,3.78
117.17025524,39.10858009,-4.58,357.01,3.83
117.17025971,39.10857991,-4.57,357.11,3.83
117.17026422,39.10857974,-4.57,357.19,3.83
117.17026871,39.10857957,-4.56,357.29,3.83
117.17027317,39.10857938,-4.56,357.37,3.83
117.17027762,39.10857921,-4.56,357.46,3.83
117.17028658,39.10857890,-4.56,357.57,3.83
117.17029109,39.10857875,-4.56,357.60,3.83
117.17029558,39.10857859,-4.56,357.64,3.86
117.17030010,39.10857842,-4.57,357.69,3.89
117.17030464,39.10857829,-4.57,357.74,3.92
117.17030918,39.10857821,-4.56,357.78,3.92
117.17031373,39.10857810,-4.56,357.82,3.92
117.17031827,39.10857796,-4.56,357.86,3.92
117.17032280,39.10857783,-4.56,357.91,3.89
117.17032735,39.10857770,-4.56,357.95,3.86
117.17033186,39.10857758,-4.56,358.04,3.83
117.17033634,39.10857745,-4.56,358.17,3.83
117.17034077,39.10857733,-4.56,358.32,3.83
117.17034297,39.10857728,-4.56,358.39,3.78
117.17034735,39.10857719,-4.56,358.52,3.75
117.17035173,39.10857712,-4.55,358.66,3.75
117.17035610,39.10857704,-4.55,358.79,3.75
117.17036045,39.10857697,-4.55,358.86,3.75
117.17036480,39.10857688,-4.55,358.88,3.75
117.17036914,39.10857681,-4.55,358.86,3.69
117.17037346,39.10857673,-4.54,358.83,3.69
117.17037777,39.10857665,-4.54,358.85,3.69
117.17038207,39.10857658,-4.54,358.89,3.69
117.17038636,39.10857652,-4.54,358.91,3.69
117.17039067,39.10857645,-4.54,358.93,3.69
117.17039502,39.10857638,-4.54,358.95,3.72
117.17039939,39.10857632,-4.54,358.97,3.75
117.17040377,39.10857625,-4.54,358.99,3.75
117.17040815,39.10857618,-4.54,358.98,3.75
117.17041254,39.10857612,-4.54,358.94,3.75
117.17042129,39.10857598,-4.55,358.78,3.75
117.17042567,39.10857588,-4.55,358.68,3.78
117.17043007,39.10857577,-4.55,358.56,3.81
117.17043451,39.10857566,-4.55,358.43,3.83
117.17043905,39.10857557,-4.55,358.32,3.86
117.17044363,39.10857547,-4.55,358.19,3.89
117.17044821,39.10857534,-4.55,358.07,3.94
117.17045283,39.10857520,-4.55,357.95,3.97
117.17045750,39.10857504,-4.55,357.84,3.97
117.17046221,39.10857487,-4.55,357.74,4.03
117.17046695,39.10857470,-4.55,357.69,4.03
117.17047169,39.10857453,-4.55,357.68,4.03
117.17047642,39.10857437,-4.55,357.68,4.03
117.17048113,39.10857421,-4.55,357.69,4.03
117.17048580,39.10857408,-4.55,357.69,4.03
117.17049047,39.10857395,-4.55,357.69,4.03
117.17049515,39.10857379,-4.56,357.70,4.03
117.17049986,39.10857363,-4.56,357.72,4.06
117.17050462,39.10857348,-4.56,357.75,4.08
117.17051421,39.10857316,-4.55,357.81,4.11
117.17052141,39.10857295,-4.56,357.86,4.11
117.17052621,39.10857282,-4.56,357.90,4.11
117.17053099,39.10857269,-4.56,357.94,4.11
117.17053581,39.10857264,-4.56,357.97,4.08
117.17054057,39.10857254,-4.56,357.99,4.06
117.17054528,39.10857243,-4.56,358.02,4.03
117.17054996,39.10857233,-4.57,358.05,4.03
117.17055463,39.10857228,-4.58,358.08,4.00
117.17055928,39.10857220,-4.58,358.11,4.00
117.17056396,39.10857211,-4.59,358.12,4.00
117.17056865,39.10857200,-4.59,358.14,4.03
117.17057336,39.10857189,-4.60,358.16,4.06
117.17057808,39.10857177,-4.60,358.18,4.06
117.17058281,39.10857165,-4.60,358.20,4.06
117.17058755,39.10857155,-4.60,358.21,4.08
117.17059231,39.10857145,-4.61,358.22,4.11
117.17059712,39.10857135,-4.61,358.24,4.14
117.17060684,39.10857115,-4.62,358.29,4.19
117.17061175,39.10857106,-4.62,358.30,4.19
117.17061664,39.10857095,-4.62,358.32,4.19
117.17062153,39.10857085,-4.62,358.36,4.19
117.17062641,39.10857071,-4.62,358.39,4.19
117.17062884,39.10857065,-4.61,358.40,4.17
117.17063369,39.10857053,-4.61,358.44,4.19
117.17063854,39.10857044,-4.61,358.47,4.19
117.17064341,39.10857035,-4.62,358.51,4.19
117.17064831,39.10857026,-4.62,358.54,4.19
117.17065812,39.10857009,-4.62,358.63,4.19
117.17066302,39.10857001,-4.63,358.66,4.19
117.17066789,39.10856994,-4.63,358.71,4.17
117.17067271,39.10856986,-4.63,358.74,4.17
117.17067747,39.10856979,-4.63,358.77,4.14
117.17068224,39.10856971,-4.64,358.77,4.14
117.17068701,39.10856962,-4.64,358.76,4.11
117.17069174,39.10856953,-4.64,358.77,4.06
117.17069644,39.10856945,-4.64,358.78,4.00
117.17070108,39.10856938,-4.64,358.78,3.97
117.17070566,39.10856932,-4.64,358.78,3.92
117.17071017,39.10856925,-4.64,358.79,3.86
117.17071461,39.10856919,-4.64,358.77,3.78
117.17071898,39.10856916,-4.64,358.72,3.69
117.17072328,39.10856916,-4.64,358.67,3.64
117.17072747,39.10856912,-4.64,358.64,3.56
117.17073159,39.10856905,-4.64,358.58,3.53
117.17073565,39.10856899,-4.64,358.53,3.50
117.17073965,39.10856893,-4.65,358.48,3.47
117.17074363,39.10856886,-4.65,358.44,3.42
117.17074759,39.10856877,-4.65,358.39,3.36
117.17075150,39.10856869,-4.65,358.35,3.36
117.17075535,39.10856862,-4.65,358.30,3.33
117.17075921,39.10856854,-4.65,358.25,3.33
117.17076310,39.10856844,-4.65,358.20,3.33
117.17076699,39.10856834,-4.65,358.17,3.33
117.17077086,39.10856826,-4.65,358.15,3.33
117.17077473,39.10856819,-4.65,358.13,3.33
117.17077859,39.10856812,-4.65,358.09,3.33
117.17078635,39.10856794,-4.66,358.02,3.33
117.17079022,39.10856784,-4.66,358.00,3.28
117.17079406,39.10856773,-4.66,357.98,3.28
117.17079983,39.10856759,-4.66,357.95,3.28
117.17080371,39.10856750,-4.66,357.93,3.28
117.17080754,39.10856741,-4.66,357.90,3.25
117.17081132,39.10856733,-4.66,357.86,3.25
117.17081509,39.10856722,-4.66,357.84,3.22
117.17081883,39.10856712,-4.66,357.82,3.19
117.17082255,39.10856701,-4.66,357.80,3.19
117.17082623,39.10856690,-4.66,357.78,3.17
117.17082987,39.10856681,-4.66,357.76,3.14
117.17083348,39.10856671,-4.66,357.72,3.08
117.17083705,39.10856656,-4.65,357.70,3.06
117.17084057,39.10856641,-4.65,357.66,3.00
117.17084399,39.10856629,-4.64,357.63,2.97
117.17084735,39.10856617,-4.64,357.61,2.89
117.17084902,39.10856610,-4.64,357.60,2.81
117.17085396,39.10856593,-4.64,357.57,2.75
117.17085715,39.10856581,-4.64,357.56,2.72
117.17086027,39.10856570,-4.64,357.52,2.67
117.17086331,39.10856557,-4.64,357.50,2.61
117.17086629,39.10856544,-4.64,357.49,2.53
117.17086915,39.10856531,-4.64,357.46,2.47
117.17087193,39.10856517,-4.63,357.45,2.39
117.17087466,39.10856507,-4.62,357.44,2.33
117.17087732,39.10856496,-4.62,357.43,2.28
117.17087993,39.10856484,-4.62,357.40,2.25
117.17088122,39.10856480,-4.63,357.37,2.22
117.17088376,39.10856471,-4.64,357.33,2.17
117.17088624,39.10856461,-4.64,357.31,2.11
117.17088868,39.10856451,-4.64,357.28,2.08
117.17089106,39.10856440,-4.64,357.26,2.03
117.17089340,39.10856431,-4.64,357.23,1.97
117.17089566,39.10856422,-4.64,357.20,1.94
117.17089785,39.10856413,-4.64,357.18,1.89
117.17090001,39.10856405,-4.64,357.15,1.83
117.17090209,39.10856396,-4.64,357.12,1.75
117.17090413,39.10856387,-4.64,357.10,1.69
117.17090610,39.10856377,-4.64,357.07,1.64
117.17090798,39.10856368,-4.63,357.05,1.56
117.17090977,39.10856359,-4.64,357.03,1.47
117.17091147,39.10856351,-4.64,357.00,1.42
117.17091306,39.10856344,-4.64,356.98,1.33
117.17091455,39.10856336,-4.64,356.97,1.25
117.17091596,39.10856329,-4.64,356.96,1.19
117.17091730,39.10856323,-4.64,356.96,1.06
117.17091852,39.10856317,-4.64,356.95,0.97
117.17091960,39.10856312,-4.64,356.94,0.86
117.17092135,39.10856303,-4.64,356.94,0.64
117.17092255,39.10856298,-4.64,356.93,0.42
