113.67898549,34.58783716,147.44,359.46,0.00
113.67898672,34.58783711,147.44,359.46,0.00
113.67898799,34.58783710,147.44,359.46,0.47
113.67898966,34.58783709,147.44,359.47,0.56
113.67899132,34.58783708,147.44,359.47,0.69
113.67899325,34.58783706,147.44,359.47,0.83
113.67899432,34.58783705,147.44,359.47,0.86
113.67899606,34.58783704,147.44,359.47,1.00
113.67899804,34.58783705,147.44,359.48,1.08
113.67900086,34.58783705,147.45,359.47,1.22
113.67900317,34.58783702,147.45,359.46,1.33
113.67900566,34.58783700,147.45,359.45,1.44
113.67900741,34.58783698,147.45,359.43,1.47
113.67900923,34.58783697,147.45,359.42,1.56
113.67901112,34.58783696,147.45,359.41,1.64
113.67901507,34.58783685,147.46,359.39,1.78
113.67901611,34.58783684,147.46,359.37,1.83
113.67901932,34.58783679,147.47,359.35,1.89
113.67902043,34.58783678,147.47,359.34,1.94
113.67902269,34.58783676,147.47,359.33,2.03
113.67902621,34.58783673,147.47,359.30,2.11
113.67902864,34.58783671,147.47,359.28,2.11
113.67903109,34.58783668,147.47,359.26,2.17
113.67903233,34.58783667,147.47,359.24,2.22
113.67903609,34.58783669,147.47,359.23,2.25
113.67903736,34.58783670,147.46,359.23,2.25
113.67904119,34.58783670,147.46,359.19,2.28
113.67904376,34.58783667,147.46,359.17,2.28
113.67904634,34.58783662,147.46,359.15,2.31
113.67904895,34.58783659,147.46,359.12,2.33
113.67905026,34.58783657,147.46,359.10,2.36
113.67905290,34.58783653,147.46,359.08,2.39
113.67905690,34.58783647,147.46,359.04,2.39
113.67905824,34.58783645,147.46,359.03,2.42
113.67906093,34.58783641,147.46,359.01,2.44
113.67906363,34.58783635,147.45,358.99,2.44
113.67906774,34.58783628,147.44,358.94,2.47
113.67906912,34.58783626,147.44,358.94,2.50
113.67907329,34.58783619,147.44,358.89,2.53
113.67907608,34.58783615,147.44,358.86,2.53
113.67907885,34.58783611,147.44,358.84,2.53
113.67908161,34.58783607,147.44,358.81,2.53
113.67908437,34.58783601,147.44,358.79,2.53
113.67908712,34.58783596,147.44,358.76,2.53
113.67908989,34.58783592,147.44,358.74,2.53
113.67909127,34.58783591,147.44,358.73,2.50
113.67909539,34.58783584,147.44,358.69,2.50
113.67909812,34.58783579,147.44,358.65,2.50
113.67910084,34.58783574,147.45,358.62,2.47
113.67910355,34.58783569,147.45,358.60,2.47
113.67910490,34.58783566,147.45,358.59,2.47
113.67910894,34.58783558,147.44,358.55,2.44
113.67911164,34.58783552,147.44,358.52,2.44
113.67911434,34.58783546,147.44,358.50,2.44
113.67911568,34.58783543,147.44,358.48,2.44
113.67911836,34.58783540,147.45,358.46,2.44
113.67912238,34.58783534,147.45,358.41,2.42
113.67912505,34.58783530,147.45,358.38,2.42
113.67912771,34.58783523,147.45,358.36,2.42
113.67913036,34.58783516,147.45,358.33,2.42
113.67913167,34.58783513,147.45,358.32,2.42
113.67913428,34.58783506,147.45,358.29,2.39
113.67913688,34.58783500,147.45,358.26,2.36
113.67913946,34.58783493,147.45,358.24,2.36
113.67914203,34.58783487,147.45,358.22,2.36
113.67914458,34.58783480,147.45,358.18,2.33
113.67914718,34.58783475,147.45,358.14,2.33
113.67914979,34.58783472,147.46,358.13,2.33
113.67915238,34.58783467,147.46,358.11,2.33
113.67915494,34.58783461,147.46,358.07,2.33
113.67915750,34.58783453,147.46,358.04,2.33
113.67916007,34.58783443,147.46,358.02,2.33
113.67916263,34.58783434,147.46,357.98,2.33
113.67916647,34.58783423,147.46,357.93,2.33
113.67916903,34.58783415,147.46,357.90,2.33
113.67917031,34.58783411,147.46,357.88,2.33
113.67917287,34.58783402,147.45,357.86,2.33
113.67917542,34.58783392,147.45,357.85,2.33
113.67917926,34.58783380,147.45,357.77,2.33
113.67918182,34.58783371,147.45,357.75,2.33
113.67918310,34.58783366,147.45,357.75,2.33
113.67918566,34.58783357,147.45,357.72,2.33
113.67918821,34.58783348,147.45,357.67,2.33
113.67919203,34.58783332,147.45,357.63,2.33
113.67919454,34.58783326,147.45,357.58,2.33
113.67919579,34.58783324,147.45,357.56,2.33
113.67919831,34.58783317,147.45,357.55,2.33
113.67920085,34.58783307,147.45,357.52,2.33
113.67920467,34.58783291,147.46,357.45,2.33
113.67920594,34.58783286,147.46,357.44,2.33
113.67920848,34.58783275,147.46,357.44,2.33
113.67921229,34.58783260,147.46,357.40,2.33
113.67921483,34.58783249,147.46,357.37,2.33
113.67921610,34.58783244,147.46,357.37,2.33
113.67921989,34.58783230,147.46,357.35,2.31
113.67922115,34.58783227,147.46,357.33,2.31
113.67922369,34.58783218,147.45,357.30,2.31
113.67922752,34.58783203,147.45,357.30,2.31
113.67923008,34.58783192,147.45,357.29,2.31
113.67923265,34.58783181,147.45,357.26,2.31
113.67923522,34.58783169,147.45,357.24,2.31
113.67923650,34.58783163,147.45,357.23,2.31
113.67923905,34.58783150,147.45,357.21,2.31
113.67924286,34.58783133,147.45,357.17,2.31
113.67924413,34.58783127,147.45,357.17,2.31
113.67924811,34.58783111,147.45,357.16,2.31
113.67925072,34.58783099,147.45,357.13,2.31
113.67925202,34.58783093,147.45,357.12,2.31
113.67925461,34.58783081,147.45,357.12,2.31
113.67925719,34.58783071,147.45,357.11,2.31
113.67925976,34.58783060,147.45,357.10,2.31
113.67926360,34.58783041,147.45,357.10,2.31
113.67926616,34.58783028,147.45,357.10,2.33
113.67926744,34.58783022,147.45,357.09,2.33
113.67927131,34.58783008,147.45,357.09,2.33
113.67927392,34.58783002,147.45,357.09,2.33
113.67927649,34.58782992,147.45,357.08,2.33
113.67927907,34.58782982,147.45,357.07,2.33
113.67928033,34.58782977,147.45,357.07,2.33
113.67928287,34.58782965,147.45,357.06,2.33
113.67928672,34.58782950,147.45,357.04,2.33
113.67928930,34.58782940,147.45,357.04,2.33
113.67929185,34.58782927,147.45,357.05,2.33
113.67929312,34.58782921,147.45,357.04,2.33
113.67929695,34.58782909,147.45,357.02,2.31
113.67929951,34.58782909,147.45,357.02,2.31
113.67930204,34.58782900,147.45,357.03,2.31
113.67930330,34.58782895,147.45,357.02,2.31
113.67930580,34.58782885,147.44,357.00,2.28
113.67930952,34.58782870,147.44,357.00,2.28
113.67931198,34.58782859,147.44,357.00,2.28
113.67931443,34.58782847,147.44,356.99,2.25
113.67931809,34.58782830,147.44,356.98,2.25
113.67932176,34.58782818,147.43,356.98,2.25
113.67932424,34.58782814,147.43,356.96,2.22
113.67932663,34.58782805,147.42,356.95,2.22
113.67932900,34.58782797,147.42,356.95,2.22
113.67933020,34.58782792,147.42,356.95,2.19
113.67933259,34.58782781,147.42,356.94,2.17
113.67933616,34.58782765,147.41,356.90,2.17
113.67933852,34.58782755,147.41,356.92,2.17
113.67934086,34.58782745,147.41,356.92,2.17
113.67934203,34.58782739,147.41,356.91,2.17
113.67934437,34.58782728,147.41,356.88,2.17
113.67934674,34.58782717,147.41,356.88,2.14
113.67935026,34.58782701,147.41,356.87,2.14
113.67935258,34.58782690,147.41,356.86,2.11
113.67935375,34.58782684,147.41,356.86,2.11
113.67935608,34.58782674,147.41,356.84,2.11
113.67935837,34.58782662,147.41,356.85,2.11
113.67936161,34.58782644,147.41,356.86,2.22
113.67936382,34.58782632,147.41,356.86,2.06
113.67936494,34.58782628,147.41,356.83,1.86
113.67936719,34.58782619,147.40,356.79,2.03
113.67937075,34.58782612,147.40,356.83,2.03
113.67937299,34.58782603,147.40,356.80,2.03
113.67937522,34.58782593,147.40,356.79,2.03
113.67937634,34.58782587,147.40,356.80,2.03
113.67937971,34.58782571,147.40,356.78,2.03
113.67938082,34.58782566,147.40,356.77,2.03
113.67938416,34.58782551,147.40,356.78,2.03
113.67938636,34.58782540,147.40,356.77,2.03
113.67938744,34.58782534,147.40,356.77,2.03
113.67938957,34.58782524,147.43,356.76,1.89
113.67939288,34.58782511,147.42,356.76,1.89
113.67939509,34.58782500,147.39,356.74,2.08
113.67939733,34.58782490,147.38,356.74,2.08
113.67939957,34.58782479,147.38,356.74,2.06
113.67940069,34.58782474,147.38,356.73,2.00
113.67940407,34.58782457,147.39,356.72,2.00
113.67940634,34.58782445,147.39,356.74,2.03
113.67940859,34.58782434,147.39,356.72,2.03
113.67941084,34.58782423,147.39,356.71,2.03
113.67941197,34.58782417,147.39,356.72,2.06
113.67941430,34.58782407,147.39,356.73,2.08
113.67941779,34.58782393,147.39,356.71,2.08
113.67942012,34.58782382,147.39,356.72,2.08
113.67942129,34.58782377,147.38,356.72,2.11
113.67942363,34.58782365,147.38,356.72,2.11
113.67942713,34.58782349,147.39,356.74,2.11
113.67942946,34.58782338,147.39,356.76,2.11
113.67943179,34.58782327,147.39,356.77,2.11
113.67943412,34.58782315,147.39,356.79,2.11
113.67943528,34.58782309,147.39,356.81,2.11
113.67943772,34.58782304,147.37,356.83,2.11
113.67944131,34.58782293,147.37,356.82,2.11
113.67944367,34.58782285,147.36,356.85,2.11
113.67944600,34.58782275,147.36,356.87,2.11
113.67944717,34.58782271,147.36,356.87,2.11
113.67944947,34.58782261,147.36,356.87,2.11
113.67945289,34.58782244,147.36,356.91,2.11
113.67945402,34.58782238,147.36,356.92,2.08
113.67945738,34.58782223,147.36,356.93,2.08
113.67945849,34.58782219,147.36,356.93,2.06
113.67946071,34.58782212,147.37,356.95,2.03
113.67946395,34.58782201,147.37,356.96,2.00
113.67946607,34.58782192,147.38,356.98,1.97
113.67946819,34.58782182,147.38,357.00,1.94
113.67947028,34.58782174,147.38,356.99,1.94
113.67947133,34.58782170,147.38,356.98,1.92
113.67947342,34.58782162,147.38,357.00,1.92
113.67947651,34.58782148,147.38,357.05,1.89
113.67947855,34.58782139,147.38,357.05,1.89
113.67948153,34.58782125,147.39,357.08,1.83
113.67948454,34.58782113,147.39,357.09,1.83
113.67948655,34.58782105,147.40,357.10,1.83
113.67948858,34.58782096,147.40,357.12,1.83
113.67949060,34.58782088,147.40,357.12,1.83
113.67949160,34.58782085,147.40,357.12,1.83
113.67949460,34.58782074,147.40,357.13,1.83
113.67949660,34.58782067,147.40,357.12,1.81
113.67949860,34.58782059,147.40,357.10,1.83
113.67950268,34.58782049,147.38,357.07,1.81
113.67950471,34.58782042,147.38,357.03,1.81
113.67950675,34.58782035,147.38,356.99,1.83
113.67950879,34.58782027,147.38,356.97,1.83
113.67950982,34.58782023,147.38,356.95,1.83
113.67951294,34.58782011,147.37,356.89,1.86
113.67951504,34.58782002,147.37,356.85,1.89
113.67951934,34.58781983,147.37,356.77,1.92
113.67952154,34.58781972,147.37,356.73,1.94
113.67952264,34.58781966,147.37,356.71,1.94
113.67952484,34.58781953,147.37,356.66,1.97
113.67952818,34.58781936,147.37,356.58,1.97
113.67953043,34.58781926,147.36,356.53,2.00
113.67953156,34.58781921,147.36,356.51,2.06
113.67953385,34.58781909,147.36,356.45,2.06
113.67953616,34.58781896,147.36,356.41,2.08
113.67953966,34.58781878,147.36,356.32,2.08
113.67954201,34.58781867,147.36,356.27,2.11
113.67954319,34.58781862,147.37,356.25,2.11
113.67954556,34.58781855,147.38,356.20,2.11
113.67954909,34.58781839,147.38,356.12,2.11
113.67955145,34.58781825,147.39,356.07,2.11
113.67955262,34.58781818,147.39,356.03,2.11
113.67955497,34.58781805,147.39,355.89,2.11
113.67955732,34.58781792,147.39,355.73,2.11
113.67956084,34.58781769,147.39,355.46,2.11
113.67956319,34.58781754,147.39,355.21,2.11
113.67956436,34.58781747,147.39,355.05,2.11
113.67956786,34.58781715,147.39,354.47,2.11
113.67957016,34.58781690,147.39,353.98,2.11
113.67957249,34.58781668,147.39,353.45,2.11
113.67957365,34.58781657,147.39,353.17,2.11
113.67957595,34.58781634,147.39,352.56,2.11
113.67957937,34.58781596,147.39,351.56,2.11
113.67958161,34.58781569,147.38,350.80,2.08
113.67958383,34.58781540,147.38,349.97,2.06
113.67958598,34.58781508,147.38,349.11,2.03
113.67958705,34.58781491,147.38,348.65,2.00
113.67959027,34.58781439,147.37,347.17,1.97
113.67959241,34.58781402,147.37,346.11,1.97
113.67959445,34.58781359,147.36,344.98,1.94
113.67959645,34.58781314,147.36,343.74,1.94
113.67959934,34.58781239,147.36,341.74,1.89
113.67960214,34.58781157,147.36,339.62,1.89
113.67960396,34.58781098,147.35,338.23,1.86
113.67960574,34.58781037,147.35,336.83,1.83
113.67960837,34.58780940,147.35,334.62,1.81
113.67961102,34.58780831,147.35,332.37,1.81
113.67961268,34.58780757,147.35,330.87,1.81
113.67961430,34.58780679,147.35,329.31,1.81
113.67961666,34.58780557,147.34,326.91,1.81
113.67961895,34.58780426,147.34,324.49,1.81
113.67962046,34.58780334,147.34,322.81,1.81
113.67962195,34.58780237,147.34,321.10,1.81
113.67962341,34.58780135,147.34,319.39,1.81
113.67962570,34.58779978,147.34,316.78,1.83
113.67962789,34.58779814,147.35,314.08,1.89
113.67962925,34.58779698,147.35,312.30,1.89
113.67963054,34.58779578,147.35,310.48,1.89
113.67963239,34.58779390,147.35,307.72,1.89
113.67963408,34.58779193,147.35,304.99,1.89
113.67963516,34.58779058,147.35,303.04,1.92
113.67963621,34.58778918,147.34,301.12,1.94
113.67963722,34.58778773,147.34,299.20,1.94
113.67963908,34.58778475,147.34,295.19,2.00
113.67963993,34.58778320,147.33,293.15,2.00
113.67964075,34.58778161,147.33,291.06,2.03
113.67964151,34.58777999,147.34,288.98,2.06
113.67964218,34.58777834,147.34,286.96,2.06
113.67964277,34.58777666,147.34,284.89,2.08
113.67964345,34.58777409,147.36,281.84,2.06
113.67964382,34.58777239,147.37,279.87,2.06
113.67964436,34.58776989,147.37,276.97,2.06
113.67964459,34.58776813,147.37,275.13,2.06
113.67964479,34.58776547,147.38,272.48,2.06
113.67964485,34.58776368,147.39,270.81,2.06
113.67964482,34.58776097,147.40,268.55,2.06
113.67964472,34.58775916,147.41,267.20,2.03
113.67964459,34.58775733,147.42,265.96,2.03
113.67964428,34.58775458,147.43,264.37,2.03
113.67964399,34.58775279,147.44,263.52,2.03
113.67964352,34.58775002,147.45,262.60,2.06
113.67964317,34.58774813,147.46,262.21,2.08
113.67964266,34.58774525,147.47,261.86,2.11
113.67964213,34.58774231,147.48,261.78,2.14
113.67964178,34.58774031,147.49,261.79,2.17
113.67964142,34.58773829,147.50,261.81,2.19
113.67964105,34.58773624,147.51,261.85,2.25
113.67964089,34.58773520,147.51,261.88,2.25
113.67964064,34.58773312,147.53,261.93,2.28
113.67964017,34.58772992,147.54,261.98,2.33
113.67963982,34.58772776,147.55,262.04,2.36
113.67963944,34.58772557,147.57,262.12,2.39
113.67963926,34.58772447,147.57,262.16,2.42
113.67963888,34.58772224,147.58,262.25,2.44
113.67963852,34.58772000,147.59,262.36,2.47
113.67963798,34.58771657,147.60,262.56,2.50
113.67963761,34.58771426,147.61,262.70,2.53
113.67963743,34.58771310,147.62,262.78,2.56
113.67963689,34.58770963,147.63,263.07,2.58
113.67963654,34.58770726,147.64,263.27,2.58
113.67963621,34.58770487,147.65,263.48,2.64
113.67963605,34.58770366,147.66,263.59,2.64
113.67963575,34.58770122,147.67,263.82,2.67
113.67963529,34.58769753,147.69,264.15,2.69
113.67963499,34.58769506,147.71,264.38,2.72
113.67963469,34.58769258,147.72,264.64,2.72
113.67963441,34.58769009,147.73,264.90,2.72
113.67963430,34.58768885,147.74,265.04,2.72
113.67963400,34.58768515,147.76,265.43,2.72
113.67963377,34.58768268,147.77,265.67,2.72
113.67963357,34.58768021,147.78,265.92,2.72
113.67963337,34.58767775,147.79,266.15,2.72
113.67963300,34.58767281,147.82,266.63,2.72
113.67963281,34.58767034,147.83,266.88,2.72
113.67963266,34.58766785,147.85,267.04,2.72
113.67963253,34.58766537,147.86,267.20,2.72
113.67963246,34.58766413,147.87,267.31,2.72
113.67963236,34.58766169,147.89,267.45,2.72
113.67963220,34.58765799,147.91,267.50,2.72
113.67963206,34.58765550,147.92,267.57,2.72
113.67963191,34.58765300,147.94,267.62,2.75
113.67963178,34.58765049,147.95,267.59,2.75
113.67963165,34.58764798,147.96,267.59,2.75
113.67963151,34.58764547,147.98,267.63,2.75
113.67963137,34.58764295,147.99,267.62,2.75
113.67963125,34.58764042,148.01,267.60,2.78
113.67963119,34.58763916,148.01,267.60,2.78
113.67963112,34.58763665,148.02,267.61,2.78
113.67963097,34.58763287,148.04,267.62,2.78
113.67963084,34.58763033,148.06,267.61,2.78
113.67963071,34.58762779,148.07,267.61,2.78
113.67963064,34.58762652,148.08,267.61,2.78
113.67963044,34.58762270,148.10,267.59,2.81
113.67963031,34.58762014,148.11,267.57,2.81
113.67963017,34.58761759,148.13,267.57,2.81
113.67963004,34.58761503,148.14,267.56,2.81
113.67962997,34.58761376,148.15,267.56,2.81
113.67962987,34.58761124,148.16,267.54,2.81
113.67962968,34.58760742,148.18,267.54,2.81
113.67962956,34.58760485,148.19,267.52,2.81
113.67962950,34.58760356,148.20,267.51,2.83
113.67962937,34.58760099,148.21,267.50,2.83
113.67962914,34.58759713,148.23,267.49,2.83
113.67962900,34.58759455,148.25,267.47,2.86
113.67962886,34.58759197,148.26,267.47,2.86
113.67962880,34.58759067,148.27,267.47,2.86
113.67962866,34.58758809,148.29,267.47,2.86
113.67962856,34.58758550,148.30,267.45,2.86
113.67962837,34.58758160,148.33,267.42,2.86
113.67962823,34.58757899,148.34,267.42,2.86
113.67962808,34.58757637,148.35,267.42,2.89
113.67962801,34.58757506,148.36,267.42,2.89
113.67962779,34.58757111,148.38,267.42,2.89
113.67962764,34.58756847,148.40,267.42,2.89
113.67962750,34.58756583,148.41,267.41,2.92
113.67962735,34.58756318,148.43,267.41,2.92
113.67962728,34.58756186,148.44,267.41,2.92
113.67962716,34.58755923,148.46,267.44,2.92
113.67962697,34.58755529,148.48,267.48,2.92
113.67962684,34.58755266,148.50,267.50,2.92
113.67962678,34.58755135,148.51,267.51,2.89
113.67962665,34.58754874,148.52,267.55,2.89
113.67962646,34.58754484,148.54,267.57,2.89
113.67962631,34.58754224,148.56,267.61,2.89
113.67962618,34.58753965,148.58,267.63,2.89
113.67962612,34.58753835,148.58,267.64,2.89
113.67962593,34.58753448,148.60,267.68,2.86
113.67962587,34.58753319,148.61,267.69,2.86
113.67962574,34.58752926,148.63,267.73,2.86
113.67962566,34.58752664,148.64,267.73,2.86
113.67962554,34.58752406,148.65,267.75,2.86
113.67962548,34.58752276,148.66,267.76,2.86
113.67962535,34.58752018,148.67,267.77,2.86
113.67962517,34.58751629,148.69,267.80,2.86
113.67962505,34.58751370,148.70,267.81,2.86
113.67962494,34.58751110,148.72,267.83,2.86
113.67962489,34.58750980,148.73,267.84,2.86
113.67962476,34.58750720,148.74,267.84,2.86
113.67962456,34.58750331,148.76,267.86,2.86
113.67962442,34.58750071,148.78,267.88,2.86
113.67962430,34.58749812,148.79,267.89,2.86
113.67962418,34.58749558,148.80,267.90,2.86
113.67962412,34.58749433,148.81,267.91,3.06
113.67962395,34.58749048,148.83,267.94,2.83
113.67962384,34.58748793,148.84,267.93,2.81
113.67962373,34.58748539,148.85,267.95,2.81
113.67962363,34.58748285,148.86,267.96,2.81
113.67962359,34.58748157,148.87,267.95,2.81
113.67962344,34.58747774,148.90,267.97,2.81
113.67962334,34.58747519,148.91,267.97,2.81
113.67962324,34.58747267,148.93,267.97,2.81
113.67962319,34.58747143,148.95,267.98,2.72
113.67962309,34.58746891,148.97,267.99,2.72
113.67962294,34.58746513,148.96,267.97,2.86
113.67962282,34.58746259,148.96,267.98,2.86
113.67962277,34.58746132,148.97,267.99,2.83
113.67962266,34.58745876,148.99,268.00,2.81
113.67962255,34.58745492,149.01,267.99,2.81
113.67962251,34.58745363,149.01,268.00,2.81
113.67962238,34.58744974,149.03,268.00,2.83
113.67962229,34.58744713,149.05,268.00,2.86
113.67962223,34.58744583,149.05,268.01,2.86
113.67962213,34.58744321,149.07,268.02,2.89
113.67962202,34.58744058,149.08,268.05,2.89
113.67962188,34.58743662,149.10,268.06,2.89
113.67962179,34.58743396,149.12,268.09,2.92
113.67962174,34.58743262,149.12,268.09,2.92
113.67962162,34.58742992,149.14,268.10,2.94
113.67962152,34.58742722,149.16,268.11,2.94
113.67962141,34.58742451,149.17,268.14,2.97
113.67962126,34.58742045,149.19,268.17,2.97
113.67962118,34.58741773,149.20,268.19,2.97
113.67962113,34.58741637,149.21,268.20,3.00
113.67962104,34.58741364,149.22,268.22,3.00
113.67962095,34.58741090,149.23,268.22,3.03
113.67962081,34.58740677,149.25,268.25,3.03
113.67962064,34.58740263,149.28,268.28,3.06
113.67962053,34.58739986,149.30,268.29,3.06
113.67962039,34.58739571,149.33,268.28,3.06
113.67962030,34.58739296,149.34,268.29,3.06
113.67962021,34.58739021,149.36,268.29,3.06
113.67962017,34.58738883,149.36,268.30,3.06
113.67962007,34.58738609,149.38,268.30,3.06
113.67961998,34.58738335,149.39,268.31,3.06
113.67961985,34.58737923,149.41,268.30,3.06
113.67961977,34.58737650,149.42,268.30,3.03
113.67961971,34.58737513,149.43,268.31,3.03
113.67961960,34.58737241,149.44,268.31,3.03
113.67961949,34.58736969,149.45,268.30,3.00
113.67961934,34.58736563,149.48,268.33,3.00
113.67961925,34.58736293,149.49,268.33,3.00
113.67961920,34.58736158,149.50,268.33,3.00
113.67961911,34.58735889,149.51,268.34,2.97
113.67961903,34.58735619,149.52,268.36,2.97
113.67961891,34.58735215,149.54,268.37,2.97
113.67961886,34.58735082,149.55,268.38,2.97
113.67961869,34.58734687,149.57,268.41,2.97
113.67961864,34.58734554,149.58,268.41,2.97
113.67961856,34.58734289,149.59,268.43,2.94
113.67961844,34.58733894,149.61,268.47,2.92
113.67961838,34.58733636,149.62,268.47,2.89
113.67961835,34.58733508,149.63,268.48,2.86
113.67961828,34.58733256,149.64,268.49,2.78
113.67961821,34.58733007,149.65,268.51,2.75
113.67961810,34.58732643,149.67,268.54,2.72
113.67961804,34.58732406,149.69,268.56,2.64
113.67961801,34.58732289,149.70,268.57,2.64
113.67961796,34.58732057,149.71,268.59,2.58
113.67961790,34.58731827,149.73,268.59,2.58
113.67961782,34.58731486,149.75,268.60,2.53
113.67961776,34.58731261,149.76,268.62,2.50
113.67961772,34.58731038,149.77,268.63,2.50
113.67961770,34.58730927,149.78,268.63,2.44
113.67961766,34.58730708,149.79,268.65,2.42
113.67961761,34.58730490,149.80,268.67,2.39
113.67961755,34.58730169,149.82,268.69,2.39
113.67961753,34.58729958,149.83,268.70,2.36
113.67961748,34.58729749,149.84,268.70,2.31
113.67961744,34.58729544,149.85,268.71,2.31
113.67961741,34.58729442,149.85,268.71,2.25
113.67961734,34.58729141,149.87,268.72,2.22
113.67961731,34.58728943,149.88,268.73,2.22
113.67961726,34.58728652,149.90,268.74,2.14
113.67961721,34.58728366,149.91,268.75,2.11
113.67961718,34.58728181,149.93,268.75,2.08
113.67961715,34.58727999,149.95,268.75,2.08
113.67961710,34.58727727,149.97,268.74,2.03
113.67961703,34.58727459,149.98,268.76,1.97
113.67961699,34.58727283,149.99,268.76,1.94
113.67961694,34.58727110,150.00,268.76,1.94
113.67961688,34.58726853,150.01,268.78,1.89
113.67961685,34.58726599,150.03,268.77,1.86
113.67961680,34.58726433,150.04,268.78,1.83
113.67961672,34.58726268,150.04,268.78,1.81
113.67961667,34.58726026,150.05,268.77,1.78
113.67961663,34.58725868,150.06,268.78,1.75
113.67961658,34.58725634,150.07,268.76,1.75
113.67961654,34.58725481,150.08,268.76,1.69
113.67961650,34.58725330,150.09,268.78,1.67
113.67961647,34.58725106,150.10,268.75,1.64
113.67961642,34.58724887,150.11,268.76,1.61
113.67961632,34.58724748,150.12,268.76,1.61
113.67961626,34.58724608,150.13,268.75,1.58
113.67961617,34.58724400,150.14,268.76,1.53
113.67961614,34.58724262,150.14,268.76,1.53
113.67961611,34.58724126,150.15,268.74,1.47
113.67961607,34.58723927,150.16,268.75,1.47
113.67961605,34.58723797,150.17,268.74,1.44
113.67961599,34.58723608,150.18,268.74,1.39
113.67961587,34.58723489,150.18,268.75,1.33
113.67961577,34.58723310,150.19,268.74,1.33
113.67961574,34.58723192,150.19,268.74,1.33
113.67961571,34.58723017,150.20,268.75,1.28
113.67961568,34.58722734,150.22,268.75,1.22
113.67961566,34.58722625,150.22,268.75,1.19
113.67961564,34.58722465,150.23,268.74,1.17
113.67961561,34.58722318,150.23,268.73,1.14
113.67961559,34.58722125,150.23,268.73,1.08
113.67961557,34.58721980,150.24,268.74,1.06
113.67961554,34.58721836,150.25,268.73,1.06
113.67961552,34.58721649,150.25,268.73,1.03
113.67961549,34.58721512,150.26,268.73,1.00
113.67961541,34.58721298,150.26,268.72,0.97
113.67961538,34.58721126,150.26,268.73,0.94
113.67961535,34.58720998,150.27,268.73,0.92
113.67961533,34.58720787,150.27,268.72,0.92
113.67961531,34.58720661,150.28,268.72,0.92
113.67961525,34.58720450,150.28,268.72,0.92
113.67961522,34.58720277,150.29,268.77,0.92
113.67961520,34.58720141,150.29,268.79,0.94
113.67961518,34.58719949,150.30,268.84,1.00
113.67961517,34.58719797,150.30,268.86,1.06
113.67961510,34.58719690,150.31,268.88,1.11
113.67961501,34.58719580,150.32,268.91,1.14
113.67961498,34.58719469,150.33,268.93,1.17
113.67961492,34.58719242,150.33,268.98,1.19
113.67961490,34.58719127,150.34,269.00,1.19
113.67961489,34.58718951,150.34,269.04,1.25
113.67961487,34.58718772,150.35,269.09,1.28
113.67961485,34.58718653,150.35,269.12,1.28
113.67961483,34.58718537,150.36,269.13,1.28
113.67961483,34.58718367,150.36,269.17,1.25
113.67961483,34.58718199,150.37,269.20,1.22
113.67961481,34.58718087,150.37,269.22,1.22
113.67961479,34.58717974,150.37,269.25,1.22
113.67961477,34.58717799,150.37,269.27,1.25
113.67961478,34.58717619,150.37,269.30,1.28
113.67961478,34.58717494,150.38,269.35,1.28
113.67961466,34.58717239,150.37,269.37,1.39
113.67961461,34.58716967,150.37,269.43,1.47
113.67961460,34.58716825,150.37,269.40,1.47
113.67961457,34.58716679,150.37,269.40,1.53
113.67961457,34.58716453,150.38,269.39,1.61
113.67961456,34.58716220,150.38,269.34,1.64
113.67961455,34.58716061,150.39,269.30,1.67
113.67961454,34.58715898,150.40,269.27,1.69
113.67961453,34.58715732,150.41,269.23,1.75
113.67961451,34.58715391,150.41,269.13,1.83
113.67961445,34.58715034,150.41,268.95,1.94
113.67961442,34.58714850,150.41,268.85,1.97
113.67961436,34.58714568,150.41,268.71,2.03
113.67961433,34.58714376,150.41,268.54,2.08
113.67961423,34.58714085,150.41,268.33,2.11
113.67961415,34.58713890,150.41,268.19,2.11
113.67961405,34.58713594,150.41,267.93,2.11
113.67961393,34.58713296,150.42,267.68,2.14
113.67961385,34.58713096,150.42,267.51,2.17
113.67961375,34.58712896,150.42,267.32,2.17
113.67961369,34.58712796,150.42,267.21,2.17
113.67961356,34.58712594,150.42,266.99,2.19
113.67961321,34.58712084,150.42,266.44,2.22
113.67961301,34.58711879,150.42,266.27,2.22
113.67961293,34.58711776,150.42,266.19,2.22
113.67961273,34.58711572,150.42,266.09,2.25
113.67961244,34.58711266,150.42,265.99,2.25
113.67961228,34.58711062,150.42,265.95,2.25
113.67961213,34.58710858,150.42,265.96,2.25
113.67961204,34.58710756,150.42,265.97,2.25
113.67961187,34.58710552,150.42,266.01,2.25
113.67961160,34.58710247,150.42,266.14,2.25
113.67961144,34.58710043,150.42,266.27,2.25
113.67961130,34.58709842,150.41,266.36,2.25
113.67961124,34.58709740,150.40,266.40,2.25
113.67961105,34.58709434,150.39,266.62,2.25
113.67961098,34.58709330,150.39,266.71,2.25
113.67961078,34.58709022,150.40,266.85,2.25
113.67961071,34.58708920,150.40,266.89,2.25
113.67961057,34.58708715,150.40,267.03,2.25
113.67961044,34.58708511,150.41,267.19,2.25
113.67961033,34.58708307,150.41,267.28,2.25
113.67961021,34.58708103,150.41,267.38,2.22
113.67961003,34.58707796,150.41,267.61,2.22
113.67960998,34.58707694,150.41,267.65,2.22
113.67960989,34.58707488,150.42,267.71,2.25
113.67960980,34.58707281,150.42,267.76,2.25
113.67960971,34.58707073,150.42,267.79,2.25
113.67960958,34.58706759,150.42,267.86,2.31
113.67960943,34.58706443,150.43,267.92,2.31
113.67960928,34.58706125,150.43,267.98,2.31
113.67960916,34.58705914,150.44,268.03,2.31
113.67960903,34.58705701,150.44,268.08,2.33
113.67960899,34.58705594,150.44,268.10,2.33
113.67960892,34.58705378,150.44,268.13,2.36
113.67960880,34.58705055,150.44,268.21,2.36
113.67960873,34.58704838,150.44,268.24,2.39
113.67960866,34.58704621,150.44,268.28,2.39
113.67960862,34.58704512,150.44,268.31,2.39
113.67960854,34.58704294,150.44,268.36,2.39
113.67960842,34.58703965,150.44,268.42,2.39
113.67960841,34.58703744,150.45,268.47,2.42
113.67960841,34.58703522,150.45,268.53,2.42
113.67960838,34.58703412,150.45,268.55,2.42
113.67960833,34.58703193,150.45,268.58,2.42
113.67960826,34.58702864,150.45,268.63,2.42
113.67960820,34.58702645,150.46,268.69,2.42
113.67960814,34.58702426,150.46,268.72,2.42
113.67960809,34.58702209,150.47,268.77,2.39
113.67960803,34.58701991,150.47,268.83,2.39
113.67960799,34.58701773,150.47,268.85,2.39
113.67960794,34.58701555,150.47,268.87,2.39
113.67960795,34.58701447,150.48,268.88,2.39
113.67960794,34.58701120,150.49,268.93,2.39
113.67960795,34.58701011,150.49,268.94,2.39
113.67960791,34.58700685,150.50,268.99,2.39
113.67960786,34.58700468,150.50,269.03,2.39
113.67960781,34.58700252,150.51,269.05,2.39
113.67960779,34.58700144,150.51,269.06,2.39
113.67960776,34.58699821,150.51,269.11,2.39
113.67960774,34.58699606,150.51,269.14,2.39
113.67960767,34.58699390,150.52,269.16,2.36
113.67960758,34.58699174,150.51,269.20,2.36
113.67960754,34.58698958,150.52,269.22,2.39
113.67960752,34.58698850,150.52,269.23,2.36
113.67960747,34.58698528,150.52,269.29,2.36
113.67960742,34.58698313,150.52,269.32,2.36
113.67960738,34.58698099,150.53,269.34,2.36
113.67960737,34.58697991,150.53,269.35,2.36
113.67960734,34.58697669,150.53,269.40,2.36
113.67960734,34.58697455,150.54,269.42,2.36
113.67960735,34.58697241,150.54,269.46,2.36
113.67960736,34.58697027,150.55,269.48,2.36
113.67960735,34.58696919,150.55,269.48,2.36
113.67960733,34.58696598,150.55,269.52,2.36
113.67960732,34.58696384,150.55,269.56,2.36
113.67960731,34.58696169,150.56,269.58,2.36
113.67960730,34.58696062,150.56,269.59,2.36
113.67960728,34.58695848,150.56,269.63,2.36
113.67960726,34.58695633,150.56,269.63,2.36
113.67960725,34.58695311,150.56,269.64,2.36
113.67960724,34.58695097,150.56,269.66,2.36
113.67960722,34.58694884,150.56,269.68,2.36
113.67960721,34.58694777,150.56,269.69,2.36
113.67960717,34.58694455,150.56,269.71,2.36
113.67960715,34.58694240,150.57,269.74,2.36
113.67960715,34.58694132,150.57,269.74,2.36
113.67960716,34.58693918,150.57,269.73,2.36
113.67960719,34.58693703,150.57,269.76,2.36
113.67960719,34.58693380,150.58,269.78,2.36
113.67960718,34.58693164,150.58,269.78,2.36
113.67960718,34.58693057,150.58,269.79,2.36
113.67960719,34.58692733,150.58,269.82,2.39
113.67960719,34.58692518,150.59,269.82,2.36
113.67960719,34.58692302,150.59,269.85,2.36
113.67960718,34.58692086,150.59,269.87,2.36
113.67960718,34.58691978,150.59,269.87,2.36
113.67960719,34.58691655,150.59,269.86,2.36
113.67960721,34.58691439,150.60,269.87,2.36
113.67960722,34.58691224,150.60,269.89,2.36
113.67960722,34.58691117,150.60,269.88,2.36
113.67960721,34.58690902,150.60,269.88,2.36
113.67960720,34.58690578,150.60,269.90,2.36
113.67960719,34.58690364,150.60,269.91,2.36
113.67960720,34.58690149,150.61,269.90,2.36
113.67960722,34.58689935,150.61,269.90,2.36
113.67960722,34.58689828,150.61,269.89,2.36
113.67960723,34.58689508,150.61,269.87,2.36
113.67960724,34.58689295,150.61,269.85,2.36
113.67960725,34.58689083,150.62,269.82,2.36
113.67960724,34.58688873,150.62,269.84,2.31
113.67960723,34.58688769,150.62,269.85,2.31
113.67960718,34.58688459,150.62,269.81,2.31
113.67960717,34.58688253,150.62,269.80,2.28
113.67960717,34.58688050,150.62,269.77,2.25
113.67960717,34.58687948,150.62,269.74,2.25
113.67960719,34.58687746,150.62,269.66,2.22
113.67960718,34.58687545,150.63,269.58,2.22
113.67960715,34.58687247,150.63,269.44,2.22
113.67960713,34.58687050,150.63,269.32,2.17
113.67960711,34.58686855,150.63,269.24,2.17
113.67960708,34.58686563,150.64,269.09,2.14
113.67960703,34.58686274,150.65,268.94,2.11
113.67960699,34.58686084,150.65,268.86,2.11
113.67960694,34.58685897,150.65,268.76,2.08
113.67960691,34.58685712,150.66,268.63,2.08
113.67960681,34.58685351,150.66,268.48,1.97
113.67960673,34.58685087,150.67,268.29,1.94
113.67960665,34.58684832,150.67,268.05,1.89
113.67960656,34.58684584,150.68,267.79,1.83
113.67960649,34.58684421,150.68,267.60,1.81
113.67960638,34.58684182,150.69,267.30,1.78
113.67960629,34.58684025,150.69,267.12,1.75
113.67960612,34.58683718,150.69,266.68,1.69
113.67960601,34.58683568,150.69,266.45,1.67
113.67960590,34.58683419,150.70,266.21,1.64
113.67960564,34.58683127,150.70,265.67,1.61
113.67960551,34.58682985,150.70,265.40,1.56
113.67960538,34.58682844,150.70,265.10,1.56
113.67960525,34.58682706,150.71,264.80,1.53
113.67960495,34.58682436,150.71,264.19,1.50
113.67960470,34.58682237,150.71,263.69,1.47
113.67960444,34.58682041,150.72,263.25,1.44
113.67960415,34.58681849,150.72,262.77,1.42
113.67960385,34.58681660,150.72,262.32,1.39
113.67960364,34.58681537,150.73,262.04,1.39
113.67960342,34.58681414,150.73,261.72,1.36
113.67960300,34.58681173,150.73,261.04,1.33
113.67960278,34.58681053,150.73,260.69,1.33
113.67960256,34.58680934,150.73,260.31,1.33
113.67960231,34.58680816,150.73,259.97,1.33
113.67960182,34.58680582,150.74,259.26,1.31
113.67960157,34.58680467,150.74,258.90,1.28
113.67960130,34.58680354,150.74,258.59,1.28
113.67960103,34.58680242,150.74,258.24,1.25
113.67960047,34.58680023,150.74,257.41,1.25
113.67960018,34.58679915,150.75,256.97,1.22
113.67959989,34.58679807,150.75,256.51,1.19
113.67959958,34.58679701,150.75,256.05,1.19
113.67959896,34.58679493,150.74,255.14,1.17
113.67959831,34.58679290,150.74,254.27,1.17
113.67959779,34.58679140,150.74,253.59,1.14
113.67959690,34.58678896,150.74,252.41,1.14
113.67959616,34.58678703,150.74,251.44,1.11
113.67959557,34.58678563,150.74,250.61,1.11
113.67959474,34.58678377,150.74,249.43,1.11
113.67959411,34.58678237,150.74,248.42,1.11
113.67959344,34.58678097,150.74,247.36,1.11
113.67959224,34.58677867,150.74,245.20,1.11
113.67959119,34.58677687,150.75,243.36,1.11
113.67959038,34.58677554,150.75,241.84,1.11
113.67958891,34.58677338,150.75,239.20,1.14
113.67958799,34.58677213,150.75,237.49,1.14
113.67958670,34.58677051,150.75,235.18,1.14
113.67958568,34.58676932,150.75,233.37,1.14
113.67958468,34.58676817,150.75,231.49,1.14
113.67958325,34.58676673,150.76,228.97,1.14
113.67958213,34.58676568,150.76,226.99,1.14
113.67958097,34.58676468,150.76,225.05,1.14
113.67957936,34.58676340,150.76,222.36,1.14
113.67957810,34.58676249,150.76,220.35,1.14
113.67957681,34.58676162,150.76,218.35,1.14
113.67957504,34.58676049,150.76,215.66,1.14
113.67957366,34.58675969,150.76,213.63,1.14
113.67957173,34.58675868,150.76,210.88,1.14
113.67957021,34.58675794,150.76,208.79,1.17
113.67956864,34.58675725,150.76,206.70,1.17
113.67956758,34.58675680,150.76,205.27,1.17
113.67956594,34.58675618,150.77,203.14,1.19
113.67956423,34.58675560,150.77,201.00,1.22
113.67956306,34.58675523,150.77,199.52,1.22
113.67956185,34.58675489,150.77,198.08,1.25
113.67955999,34.58675442,150.77,195.96,1.25
113.67955807,34.58675399,150.77,193.79,1.28
113.67955675,34.58675373,150.77,192.37,1.31
113.67955471,34.58675339,150.77,190.28,1.33
113.67955330,34.58675318,150.77,188.89,1.33
113.67955115,34.58675292,150.77,186.83,1.36
113.67954968,34.58675278,150.77,185.52,1.39
113.67954818,34.58675267,150.77,184.23,1.42
113.67954665,34.58675258,150.77,183.00,1.42
113.67954509,34.58675252,150.77,181.88,1.42
113.67954189,34.58675246,150.77,179.82,1.44
113.67954027,34.58675247,150.77,178.91,1.47
113.67953786,34.58675251,150.77,177.67,1.47
113.67953536,34.58675259,150.77,176.62,1.47
113.67953366,34.58675267,150.77,176.10,1.50
113.67953193,34.58675275,150.77,175.68,1.53
113.67953017,34.58675285,150.77,175.34,1.53
113.67952659,34.58675309,150.76,174.93,1.58
113.67952298,34.58675335,150.77,174.76,1.61
113.67951934,34.58675364,150.77,174.70,1.64
113.67951747,34.58675378,150.77,174.72,1.67
113.67951557,34.58675391,150.77,174.80,1.69
113.67951366,34.58675405,150.77,174.91,1.69
113.67951076,34.58675425,150.78,175.07,1.75
113.67950783,34.58675445,150.78,175.27,1.75
113.67950585,34.58675456,150.78,175.39,1.75
113.67950388,34.58675466,150.78,175.51,1.78
113.67950089,34.58675484,150.77,175.71,1.81
113.67949784,34.58675503,150.77,175.88,1.83
113.67949578,34.58675515,150.77,176.00,1.83
113.67949369,34.58675526,150.77,176.14,1.86
113.67949160,34.58675536,150.77,176.28,1.89
113.67949054,34.58675541,150.77,176.34,1.89
113.67948736,34.58675556,150.77,176.54,1.89
113.67948629,34.58675561,150.77,176.61,1.92
113.67948310,34.58675576,150.77,176.80,1.94
113.67948098,34.58675585,150.78,176.94,1.94
113.67947989,34.58675589,150.78,177.02,1.94
113.67947771,34.58675595,150.78,177.15,1.94
113.67947552,34.58675602,150.78,177.29,1.97
113.67947218,34.58675614,150.78,177.52,1.97
113.67946995,34.58675622,150.78,177.67,1.97
113.67946770,34.58675630,150.78,177.80,2.00
113.67946544,34.58675635,150.78,177.94,2.03
113.67946430,34.58675638,150.78,178.01,2.03
113.67946091,34.58675646,150.78,178.18,2.06
113.67945865,34.58675652,150.78,178.28,2.06
113.67945634,34.58675657,150.78,178.39,2.08
113.67945519,34.58675659,150.78,178.44,2.08
113.67945287,34.58675662,150.78,178.50,2.08
113.67944937,34.58675667,150.78,178.55,2.08
113.67944703,34.58675672,150.78,178.57,2.11
113.67944467,34.58675676,150.78,178.56,2.11
113.67944348,34.58675679,150.78,178.55,2.11
113.67944110,34.58675684,150.78,178.55,2.14
113.67943753,34.58675689,150.78,178.52,2.14
113.67943516,34.58675692,150.78,178.50,2.14
113.67943395,34.58675695,150.78,178.50,2.17
113.67943153,34.58675700,150.78,178.48,2.17
113.67942788,34.58675706,150.78,178.42,2.17
113.67942543,34.58675710,150.78,178.40,2.19
113.67942297,34.58675715,150.78,178.35,2.19
113.67942175,34.58675718,150.78,178.33,2.22
113.67941805,34.58675727,150.78,178.28,2.22
113.67941681,34.58675731,150.78,178.27,2.22
113.67941312,34.58675739,150.78,178.18,2.22
113.67941067,34.58675744,150.77,178.14,2.25
113.67940943,34.58675747,150.77,178.12,2.25
113.67940694,34.58675752,150.77,178.08,2.25
113.67940443,34.58675758,150.77,178.03,2.25
113.67940191,34.58675765,150.77,177.97,2.25
113.67939811,34.58675775,150.77,177.89,2.25
113.67939684,34.58675778,150.77,177.87,2.28
113.67939429,34.58675785,150.77,177.82,2.28
113.67939174,34.58675792,150.77,177.76,2.31
113.67938918,34.58675800,150.77,177.70,2.31
113.67938535,34.58675814,150.77,177.61,2.31
113.67938407,34.58675819,150.77,177.58,2.33
113.67938150,34.58675827,150.77,177.51,2.33
113.67937892,34.58675835,150.77,177.46,2.33
113.67937633,34.58675842,150.77,177.40,2.33
113.67937244,34.58675857,150.77,177.30,2.33
113.67937114,34.58675862,150.76,177.27,2.36
113.67936723,34.58675877,150.76,177.17,2.36
113.67936592,34.58675881,150.77,177.13,2.36
113.67936330,34.58675890,150.76,177.06,2.36
113.67936068,34.58675901,150.76,177.01,2.36
113.67935673,34.58675919,150.76,176.91,2.39
113.67935410,34.58675930,150.76,176.85,2.39
113.67935146,34.58675941,150.76,176.76,2.39
113.67934882,34.58675952,150.76,176.70,2.39
113.67934750,34.58675958,150.77,176.68,2.39
113.67934485,34.58675971,150.76,176.62,2.39
113.67934087,34.58675989,150.76,176.50,2.39
113.67933820,34.58676001,150.76,176.45,2.39
113.67933556,34.58676012,150.77,176.40,2.39
113.67933424,34.58676018,150.77,176.36,2.42
113.67933026,34.58676037,150.77,176.32,2.42
113.67932893,34.58676043,150.77,176.32,2.42
113.67932491,34.58676064,150.77,176.30,2.42
113.67932222,34.58676077,150.78,176.27,2.42
113.67931818,34.58676097,150.78,176.27,2.44
113.67931412,34.58676118,150.77,176.24,2.44
113.67931141,34.58676131,150.78,176.20,2.44
113.67930869,34.58676145,150.78,176.20,2.44
113.67930733,34.58676152,150.78,176.20,2.44
113.67930461,34.58676165,150.78,176.18,2.44
113.67930188,34.58676178,150.78,176.16,2.44
113.67929779,34.58676199,150.78,176.16,2.47
113.67929505,34.58676213,150.77,176.13,2.47
113.67929230,34.58676228,150.77,176.10,2.50
113.67928817,34.58676250,150.77,176.09,2.50
113.67928404,34.58676272,150.77,176.05,2.50
113.67928267,34.58676279,150.77,176.05,2.50
113.67927856,34.58676304,150.77,176.10,2.50
113.67927721,34.58676312,150.77,176.09,2.50
113.67927450,34.58676326,150.77,176.08,2.50
113.67927047,34.58676347,150.77,176.17,2.44
113.67926781,34.58676361,150.77,176.20,2.42
113.67926648,34.58676368,150.77,176.21,2.42
113.67926253,34.58676389,150.76,176.29,2.42
113.67925990,34.58676401,150.76,176.34,2.42
113.67925727,34.58676413,150.76,176.40,2.42
113.67925465,34.58676427,150.76,176.47,2.42
113.67925334,34.58676434,150.76,176.49,2.39
113.67925071,34.58676447,150.76,176.51,2.39
113.67924807,34.58676459,150.76,176.56,2.39
113.67924411,34.58676476,150.76,176.60,2.39
113.67924145,34.58676488,150.76,176.62,2.39
113.67924013,34.58676494,150.76,176.64,2.39
113.67923614,34.58676514,150.76,176.69,2.39
113.67923349,34.58676525,150.76,176.70,2.39
113.67923083,34.58676535,150.76,176.73,2.42
113.67922817,34.58676545,150.76,176.76,2.42
113.67922683,34.58676550,150.76,176.77,2.42
113.67922284,34.58676568,150.76,176.79,2.42
113.67922017,34.58676581,150.76,176.81,2.42
113.67921750,34.58676593,150.76,176.83,2.42
113.67921482,34.58676604,150.75,176.83,2.42
113.67921349,34.58676609,150.75,176.83,2.42
113.67921081,34.58676619,150.75,176.85,2.42
113.67920678,34.58676637,150.75,176.86,2.44
113.67920544,34.58676643,150.75,176.85,2.44
113.67920142,34.58676659,150.75,176.86,2.44
113.67920009,34.58676664,150.75,176.86,2.44
113.67919741,34.58676675,150.75,176.85,2.44
113.67919338,34.58676693,150.75,176.85,2.44
113.67919069,34.58676706,150.74,176.85,2.44
113.67918800,34.58676717,150.74,176.82,2.44
113.67918665,34.58676722,150.74,176.82,2.44
113.67918396,34.58676734,150.74,176.83,2.44
113.67917992,34.58676750,150.74,176.79,2.44
113.67917722,34.58676762,150.74,176.76,2.44
113.67917453,34.58676775,150.74,176.74,2.44
113.67917319,34.58676781,150.74,176.73,2.44
113.67917049,34.58676794,150.74,176.72,2.44
113.67916778,34.58676807,150.74,176.71,2.44
113.67916372,34.58676826,150.74,176.67,2.44
113.67916102,34.58676837,150.74,176.64,2.44
113.67915831,34.58676849,150.74,176.63,2.44
113.67915696,34.58676855,150.74,176.63,2.44
113.67915290,34.58676872,150.74,176.57,2.44
113.67915154,34.58676878,150.74,176.56,2.44
113.67914748,34.58676899,150.74,176.54,2.44
113.67914478,34.58676912,150.74,176.50,2.44
113.67914342,34.58676918,150.73,176.49,2.44
113.67913934,34.58676936,150.73,176.47,2.47
113.67913662,34.58676949,150.73,176.44,2.47
113.67913390,34.58676962,150.73,176.40,2.47
113.67913121,34.58676975,150.73,176.38,2.44
113.67912986,34.58676981,150.73,176.37,2.44
113.67912585,34.58677000,150.73,176.35,2.44
113.67912318,34.58677014,150.73,176.36,2.42
113.67912054,34.58677029,150.73,176.36,2.42
113.67911922,34.58677036,150.73,176.36,2.42
113.67911526,34.58677056,150.73,176.35,2.42
113.67911264,34.58677069,150.73,176.34,2.42
113.67911002,34.58677083,150.73,176.34,2.39
113.67910872,34.58677089,150.73,176.33,2.39
113.67910612,34.58677102,150.73,176.32,2.36
113.67910225,34.58677121,150.73,176.33,2.36
113.67909968,34.58677133,150.72,176.34,2.36
113.67909712,34.58677146,150.72,176.33,2.36
113.67909458,34.58677159,150.73,176.32,2.33
113.67909332,34.58677165,150.73,176.32,2.33
113.67908954,34.58677184,150.73,176.32,2.31
113.67908828,34.58677190,150.73,176.33,2.31
113.67908451,34.58677209,150.73,176.34,2.31
113.67908200,34.58677221,150.73,176.35,2.28
113.67907825,34.58677240,150.73,176.38,2.25
113.67907452,34.58677257,150.73,176.43,2.25
113.67907203,34.58677269,150.72,176.49,2.25
113.67906955,34.58677281,150.73,176.52,2.25
113.67906831,34.58677287,150.73,176.53,2.25
113.67906462,34.58677304,150.73,176.63,2.25
113.67906339,34.58677309,150.73,176.65,2.25
113.67905972,34.58677326,150.73,176.72,2.25
113.67905727,34.58677338,150.73,176.79,2.25
113.67905605,34.58677343,150.73,176.84,2.22
113.67905361,34.58677354,150.73,176.93,2.22
113.67904996,34.58677368,150.73,177.09,2.22
113.67904753,34.58677376,150.73,177.20,2.22
113.67904510,34.58677384,150.73,177.33,2.22
113.67904389,34.58677389,150.73,177.40,2.22
113.67904025,34.58677400,150.73,177.58,2.22
113.67903783,34.58677408,150.73,177.72,2.22
113.67903543,34.58677414,150.73,177.88,2.22
113.67903302,34.58677420,150.73,178.02,2.19
113.67903182,34.58677423,150.73,178.10,2.19
113.67902823,34.58677432,150.73,178.35,2.17
113.67902586,34.58677437,150.73,178.53,2.17
113.67902116,34.58677444,150.73,178.96,2.14
113.67901657,34.58677447,150.73,179.55,2.11
113.67901544,34.58677447,150.73,179.72,2.08
113.67901210,34.58677448,150.73,180.30,2.06
113.67900991,34.58677446,150.73,180.72,2.03
113.67900882,34.58677444,150.73,180.94,2.00
113.67900667,34.58677440,150.73,181.42,1.97
113.67900347,34.58677431,150.73,182.18,1.97
113.67900136,34.58677422,150.73,182.73,1.97
113.67899926,34.58677413,150.73,183.32,1.94
113.67899823,34.58677407,150.73,183.62,1.94
113.67899513,34.58677389,150.73,184.53,1.94
113.67899307,34.58677374,150.73,185.17,1.94
113.67899099,34.58677357,150.73,185.86,1.94
113.67898893,34.58677337,150.73,186.57,1.94
113.67898790,34.58677327,150.73,186.95,1.94
113.67898483,34.58677294,150.73,188.19,1.94
113.67898279,34.58677268,150.73,189.05,1.94
113.67898076,34.58677239,150.73,190.00,1.94
113.67897875,34.58677208,150.73,191.00,1.94
113.67897774,34.58677192,150.73,191.50,1.94
113.67897474,34.58677139,150.73,193.00,1.94
113.67897275,34.58677100,150.73,194.07,1.94
113.67897077,34.58677057,150.73,195.19,1.94
113.67896880,34.58677010,150.73,196.29,1.94
113.67896491,34.58676909,150.72,198.64,1.94
113.67896299,34.58676852,150.72,199.84,1.94
113.67896107,34.58676793,150.72,201.06,1.94
113.67895917,34.58676730,150.73,202.33,1.94
113.67895729,34.58676664,150.73,203.62,1.94
113.67895449,34.58676556,150.73,205.54,1.94
113.67895173,34.58676442,150.73,207.60,1.97
113.67894992,34.58676361,150.73,209.00,1.97
113.67894813,34.58676275,150.73,210.38,1.97
113.67894461,34.58676094,150.73,213.22,1.97
113.67894118,34.58675897,150.73,216.04,2.00
113.67893949,34.58675796,150.73,217.52,2.00
113.67893704,34.58675633,150.72,219.71,2.03
113.67893465,34.58675462,150.72,221.94,2.03
113.67893309,34.58675343,150.72,223.43,2.03
113.67893157,34.58675220,150.72,224.93,2.08
113.67892862,34.58674962,150.72,227.93,2.08
113.67892721,34.58674828,150.72,229.43,2.08
113.67892582,34.58674690,150.73,230.98,2.08
113.67892317,34.58674403,150.73,234.00,2.11
113.67892192,34.58674255,150.73,235.54,2.11
113.67892071,34.58674104,150.73,237.07,2.11
113.67891955,34.58673951,150.73,238.59,2.11
113.67891736,34.58673637,150.73,241.63,2.11
113.67891635,34.58673477,150.73,243.17,2.11
113.67891539,34.58673314,150.73,244.66,2.11
113.67891451,34.58673149,150.73,246.13,2.11
113.67891285,34.58672818,150.73,249.11,2.11
113.67891209,34.58672648,150.73,250.56,2.11
113.67891140,34.58672477,150.73,252.02,2.11
113.67891076,34.58672304,150.73,253.50,2.11
113.67890964,34.58671955,150.73,256.42,2.11
113.67890916,34.58671778,150.73,257.82,2.11
113.67890873,34.58671599,150.73,259.18,2.11
113.67890834,34.58671419,150.73,260.49,2.11
113.67890769,34.58671055,150.73,262.97,2.11
113.67890743,34.58670872,150.73,264.15,2.11
113.67890722,34.58670687,150.73,265.34,2.11
113.67890706,34.58670503,150.73,266.52,2.11
113.67890689,34.58670132,150.73,268.83,2.11
113.67890688,34.58669945,150.73,269.94,2.11
113.67890691,34.58669758,150.73,271.05,2.11
113.67890698,34.58669571,150.73,272.15,2.11
113.67890723,34.58669195,150.73,274.30,2.11
113.67890741,34.58669007,150.73,275.37,2.11
113.67890764,34.58668818,150.73,276.43,2.14
113.67890793,34.58668629,150.73,277.44,2.14
113.67890826,34.58668441,150.73,278.43,2.14
113.67890902,34.58668064,150.73,280.39,2.14
113.67890946,34.58667876,150.73,281.36,2.14
113.67890996,34.58667689,150.73,282.32,2.14
113.67891105,34.58667315,150.73,284.20,2.17
113.67891165,34.58667129,150.73,285.14,2.17
113.67891228,34.58666943,150.73,286.07,2.17
113.67891295,34.58666757,150.73,287.03,2.17
113.67891442,34.58666388,150.73,288.91,2.17
113.67891521,34.58666204,150.73,289.86,2.17
113.67891604,34.58666022,150.73,290.82,2.19
113.67891691,34.58665839,150.73,291.77,2.19
113.67891783,34.58665658,150.73,292.75,2.19
113.67891878,34.58665479,150.73,293.72,2.19
113.67891976,34.58665300,150.73,294.68,2.22
113.67892078,34.58665122,150.73,295.66,2.22
113.67892183,34.58664946,150.73,296.67,2.22
113.67892292,34.58664771,150.73,297.69,2.22
113.67892405,34.58664598,150.73,298.74,2.22
113.67892522,34.58664427,150.73,299.81,2.22
113.67892642,34.58664258,150.73,300.93,2.22
113.67892829,34.58664011,150.73,302.65,2.22
113.67893026,34.58663769,150.72,304.42,2.25
113.67893162,34.58663609,150.72,305.68,2.25
113.67893448,34.58663297,150.72,308.26,2.25
113.67893596,34.58663145,150.72,309.62,2.25
113.67893748,34.58662996,150.72,311.00,2.25
113.67893986,34.58662780,150.72,313.14,2.25
113.67894234,34.58662573,150.72,315.32,2.25
113.67894403,34.58662439,150.72,316.74,2.25
113.67894575,34.58662308,150.72,318.21,2.25
113.67894750,34.58662182,150.73,319.68,2.25
113.67895021,34.58662003,150.73,321.85,2.25
113.67895297,34.58661832,150.72,324.10,2.25
113.67895483,34.58661723,150.72,325.58,2.22
113.67895864,34.58661520,150.72,328.58,2.22
113.67896057,34.58661426,150.72,330.06,2.19
113.67896249,34.58661336,150.72,331.53,2.17
113.67896446,34.58661250,150.72,333.00,2.17
113.67896745,34.58661130,150.72,335.18,2.17
113.67896948,34.58661057,150.72,336.62,2.14
113.67897253,34.58660956,150.72,338.81,2.14
113.67897457,34.58660894,150.72,340.24,2.11
113.67897560,34.58660864,150.72,340.95,2.11
113.67897869,34.58660782,150.72,343.12,2.11
113.67897972,34.58660756,150.72,343.83,2.11
113.67898281,34.58660686,150.72,345.78,2.08
113.67898386,34.58660665,150.72,346.42,2.08
113.67898701,34.58660607,150.72,348.26,2.08
113.67898912,34.58660574,150.72,349.38,2.06
113.67899124,34.58660543,150.72,350.45,2.03
113.67899335,34.58660516,150.72,351.47,2.03
113.67899441,34.58660503,150.72,351.95,2.03
113.67899759,34.58660470,150.72,353.29,2.00
113.67899865,34.58660461,150.72,353.70,2.00
113.67900182,34.58660436,150.73,354.86,1.97
113.67900392,34.58660421,150.73,355.52,1.97
113.67900604,34.58660409,150.73,356.07,1.97
113.67900710,34.58660404,150.73,356.33,1.97
113.67901032,34.58660390,150.73,356.94,1.94
113.67901248,34.58660382,150.73,357.16,1.94
113.67901463,34.58660376,150.73,357.34,1.94
113.67901894,34.58660362,150.73,357.54,1.94
113.67902110,34.58660355,150.73,357.61,1.94
113.67902324,34.58660347,150.73,357.71,1.94
113.67902538,34.58660341,150.73,357.75,1.94
113.67902646,34.58660339,150.73,357.75,1.94
113.67902862,34.58660334,150.73,357.76,1.94
113.67903186,34.58660325,150.73,357.82,1.94
113.67903404,34.58660320,150.73,357.80,1.94
113.67903623,34.58660313,150.73,357.81,1.97
113.67903732,34.58660310,150.73,357.83,1.97
113.67904064,34.58660302,150.73,357.85,2.00
113.67904288,34.58660296,150.73,357.84,2.00
113.67904512,34.58660290,150.73,357.88,2.00
113.67904624,34.58660286,150.73,357.89,2.03
113.67904965,34.58660277,150.73,357.90,2.06
113.67905080,34.58660274,150.73,357.91,2.06
113.67905427,34.58660266,150.73,357.93,2.08
113.67905660,34.58660261,150.73,357.94,2.11
113.67905778,34.58660259,150.73,357.94,2.11
113.67906015,34.58660253,150.73,357.95,2.11
113.67906373,34.58660244,150.73,357.98,2.17
113.67906613,34.58660238,150.74,357.99,2.17
113.67906857,34.58660232,150.74,358.00,2.17
113.67907104,34.58660224,150.73,358.04,2.22
113.67907228,34.58660221,150.73,358.05,2.22
113.67907477,34.58660215,150.73,358.06,2.25
113.67907728,34.58660209,150.73,358.07,2.25
113.67907981,34.58660203,150.73,358.08,2.28
113.67908365,34.58660195,150.73,358.08,2.31
113.67908494,34.58660192,150.73,358.09,2.31
113.67908753,34.58660186,150.73,358.11,2.33
113.67909013,34.58660180,150.73,358.13,2.36
113.67909408,34.58660171,150.73,358.12,2.36
113.67909676,34.58660164,150.73,358.15,2.36
113.67909809,34.58660161,150.73,358.16,2.39
113.67910076,34.58660155,150.74,358.14,2.42
113.67910344,34.58660149,150.74,358.14,2.42
113.67910614,34.58660142,150.73,358.17,2.42
113.67911020,34.58660133,150.74,358.18,2.44
113.67911293,34.58660128,150.74,358.18,2.44
113.67911429,34.58660125,150.73,358.19,2.44
113.67911702,34.58660118,150.73,358.22,2.47
113.67911976,34.58660112,150.73,358.22,2.47
113.67912385,34.58660104,150.73,358.25,2.50
113.67912660,34.58660098,150.74,358.27,2.50
113.67912797,34.58660096,150.74,358.26,2.50
113.67913073,34.58660090,150.74,358.26,2.50
113.67913348,34.58660083,150.73,358.29,2.50
113.67913763,34.58660075,150.74,358.27,2.50
113.67914039,34.58660069,150.73,358.29,2.50
113.67914177,34.58660066,150.73,358.30,2.53
113.67914454,34.58660060,150.74,358.30,2.53
113.67914731,34.58660054,150.74,358.28,2.53
113.67915152,34.58660046,150.74,358.29,2.50
113.67915431,34.58660040,150.74,358.29,2.50
113.67915709,34.58660035,150.74,358.28,2.53
113.67915847,34.58660032,150.74,358.29,2.53
113.67916125,34.58660024,150.74,358.31,2.53
113.67916542,34.58660015,150.74,358.31,2.53
113.67916821,34.58660009,150.74,358.31,2.53
113.67917100,34.58660004,150.75,358.31,2.53
113.67917240,34.58660001,150.75,358.31,2.53
113.67917519,34.58659996,150.75,358.31,2.53
113.67917939,34.58659987,150.74,358.31,2.53
113.67918219,34.58659982,150.74,358.31,2.53
113.67918499,34.58659977,150.74,358.32,2.56
113.67918639,34.58659974,150.74,358.33,2.56
113.67918919,34.58659968,150.74,358.34,2.56
113.67919339,34.58659959,150.74,358.33,2.56
113.67919619,34.58659954,150.74,358.33,2.56
113.67919899,34.58659948,150.74,358.33,2.56
113.67920038,34.58659946,150.74,358.32,2.56
113.67920316,34.58659940,150.74,358.31,2.53
113.67920728,34.58659930,150.75,358.33,2.53
113.67921002,34.58659924,150.75,358.33,2.50
113.67921273,34.58659920,150.75,358.31,2.50
113.67921409,34.58659918,150.75,358.32,2.50
113.67921679,34.58659913,150.75,358.34,2.47
113.67922083,34.58659905,150.75,358.31,2.44
113.67922351,34.58659900,150.75,358.29,2.44
113.67922618,34.58659893,150.75,358.29,2.44
113.67922751,34.58659890,150.75,358.29,2.42
113.67923016,34.58659884,150.75,358.27,2.42
113.67923279,34.58659878,150.75,358.27,2.42
113.67923671,34.58659870,150.75,358.25,2.39
113.67923932,34.58659865,150.76,358.24,2.39
113.67924191,34.58659860,150.76,358.21,2.36
113.67924321,34.58659858,150.76,358.19,2.36
113.67924579,34.58659852,150.76,358.17,2.36
113.67925222,34.58659837,150.76,358.08,2.33
113.67925478,34.58659831,150.76,358.06,2.33
113.67925732,34.58659826,150.76,358.05,2.33
113.67925858,34.58659823,150.76,358.03,2.31
113.67926237,34.58659816,150.76,357.93,2.31
113.67926489,34.58659808,150.76,357.89,2.31
113.67926741,34.58659801,150.76,357.85,2.28
113.67926993,34.58659794,150.76,357.75,2.28
113.67927119,34.58659790,150.76,357.72,2.28
113.67927370,34.58659782,150.76,357.68,2.28
113.67927747,34.58659770,150.76,357.57,2.28
113.67927998,34.58659762,150.76,357.49,2.25
113.67928245,34.58659754,150.76,357.45,2.25
113.67928368,34.58659750,150.77,357.43,2.25
113.67928737,34.58659740,150.77,357.29,2.25
113.67928981,34.58659731,150.77,357.24,2.25
113.67929225,34.58659721,150.77,357.19,2.22
113.67929467,34.58659713,150.77,357.09,2.22
113.67929708,34.58659704,150.77,357.03,2.19
113.67930184,34.58659685,150.76,356.93,2.17
113.67930422,34.58659676,150.76,356.85,2.17
113.67930656,34.58659666,150.76,356.82,2.17
113.67930889,34.58659656,150.76,356.75,2.17
113.67931122,34.58659647,150.76,356.64,2.14
113.67931238,34.58659643,150.76,356.61,2.11
113.67931470,34.58659633,150.76,356.57,2.11
113.67931700,34.58659622,150.76,356.51,2.11
113.67932044,34.58659607,150.77,356.38,2.08
113.67932158,34.58659601,150.77,356.37,2.08
113.67932385,34.58659589,150.77,356.34,2.08
113.67932612,34.58659578,150.77,356.26,2.08
113.67932948,34.58659561,150.77,356.15,2.06
113.67933171,34.58659547,150.77,356.13,2.03
113.67933393,34.58659536,150.76,356.08,2.03
113.67933503,34.58659530,150.76,356.04,2.03
113.67933834,34.58659511,150.77,355.97,2.00
113.67933944,34.58659505,150.77,355.96,2.00
113.67934491,34.58659475,150.77,355.91,1.97
113.67934709,34.58659463,150.77,355.89,1.97
113.67934818,34.58659457,150.77,355.89,1.97
113.67935143,34.58659440,150.76,355.91,1.97
113.67935358,34.58659429,150.76,355.91,1.97
113.67935466,34.58659423,150.76,355.91,1.97
113.67935681,34.58659411,150.77,355.91,1.97
113.67936002,34.58659396,150.77,355.93,1.94
113.67936216,34.58659384,150.77,355.95,1.94
113.67936431,34.58659372,150.77,355.95,1.94
113.67936538,34.58659366,150.77,355.96,1.94
113.67936861,34.58659348,150.77,356.01,1.94
113.67937078,34.58659336,150.77,356.02,1.94
113.67937294,34.58659324,150.77,356.05,1.94
113.67937509,34.58659312,150.77,356.09,1.94
113.67937728,34.58659300,150.77,356.11,1.97
113.67937837,34.58659295,150.77,356.11,1.97
113.67938057,34.58659284,150.77,356.14,1.97
113.67938386,34.58659267,150.77,356.17,1.97
113.67938607,34.58659256,150.77,356.18,1.97
113.67938827,34.58659245,150.77,356.22,1.97
113.67938937,34.58659239,150.77,356.25,1.97
113.67939159,34.58659228,150.77,356.28,1.97
113.67939490,34.58659212,150.77,356.30,2.00
113.67939709,34.58659201,150.77,356.35,2.00
113.67939932,34.58659190,150.77,356.37,2.00
113.67940156,34.58659180,150.77,356.38,2.03
113.67940269,34.58659175,150.77,356.40,2.03
113.67940494,34.58659165,150.77,356.43,2.03
113.67940832,34.58659149,150.77,356.46,2.03
113.67941059,34.58659137,150.77,356.50,2.03
113.67941286,34.58659126,150.77,356.53,2.03
113.67941514,34.58659115,150.77,356.55,2.03
113.67941628,34.58659110,150.77,356.56,2.03
113.67941852,34.58659101,150.77,356.60,2.06
113.67942193,34.58659087,150.76,356.68,2.06
113.67942423,34.58659078,150.76,356.71,2.06
113.67942653,34.58659068,150.76,356.76,2.08
113.67942883,34.58659058,150.76,356.84,2.08
113.67942999,34.58659054,150.76,356.86,2.08
113.67943346,34.58659040,150.76,356.92,2.08
113.67943577,34.58659030,150.76,356.99,2.08
113.67943808,34.58659020,150.76,357.05,2.08
113.67944039,34.58659012,150.76,357.10,2.08
113.67944154,34.58659007,150.76,357.14,2.11
113.67944385,34.58658997,150.75,357.21,2.11
113.67944735,34.58658985,150.75,357.27,2.11
113.67944969,34.58658977,150.75,357.33,2.11
113.67945204,34.58658970,150.75,357.38,2.11
113.67945440,34.58658963,150.75,357.44,2.11
113.67945558,34.58658959,150.75,357.47,2.11
113.67945794,34.58658950,150.76,357.54,2.11
113.67946151,34.58658939,150.75,357.60,2.11
113.67946390,34.58658931,150.75,357.69,2.14
113.67946624,34.58658924,150.76,357.74,2.17
113.67946742,34.58658921,150.76,357.75,2.17
113.67946979,34.58658914,150.77,357.79,2.17
113.67947219,34.58658907,150.77,357.85,2.17
113.67947581,34.58658898,150.77,357.87,2.17
113.67947822,34.58658892,150.77,357.92,2.17
113.67947943,34.58658889,150.77,357.94,2.17
113.67948308,34.58658880,150.77,358.00,2.17
113.67948430,34.58658876,150.77,358.01,2.19
113.67948795,34.58658867,150.77,358.07,2.22
113.67949033,34.58658861,150.77,358.10,2.22
113.67949155,34.58658859,150.77,358.11,2.22
113.67949398,34.58658852,150.77,358.16,2.22
113.67949768,34.58658844,150.77,358.17,2.25
113.67950016,34.58658840,150.77,358.20,2.25
113.67950513,34.58658829,150.77,358.29,2.25
113.67950762,34.58658823,150.77,358.30,2.25
113.67951011,34.58658818,150.77,358.34,2.25
113.67951258,34.58658814,150.77,358.39,2.25
113.67951503,34.58658811,150.77,358.41,2.25
113.67951628,34.58658808,150.77,358.42,2.25
113.67951877,34.58658804,150.77,358.45,2.25
113.67952252,34.58658797,150.77,358.51,2.25
113.67952503,34.58658793,150.77,358.52,2.25
113.67952754,34.58658789,150.77,358.55,2.25
113.67952879,34.58658786,150.77,358.57,2.25
113.67953257,34.58658779,150.77,358.62,2.25
113.67953509,34.58658775,150.77,358.65,2.25
113.67953759,34.58658772,150.78,358.68,2.25
113.67953883,34.58658771,150.78,358.70,2.25
113.67954134,34.58658769,150.78,358.72,2.28
113.67954386,34.58658765,150.78,358.76,2.28
113.67954765,34.58658760,150.78,358.78,2.28
113.67955018,34.58658756,150.78,358.83,2.28
113.67955143,34.58658754,150.78,358.85,2.28
113.67955393,34.58658750,150.79,358.88,2.25
113.67955641,34.58658748,150.79,358.91,2.22
113.67956008,34.58658744,150.79,358.96,2.22
113.67956247,34.58658741,150.79,358.99,2.19
113.67956364,34.58658741,150.79,359.00,2.17
113.67956597,34.58658739,150.79,359.01,2.14
113.67956828,34.58658737,150.79,359.04,2.11
113.67957165,34.58658734,150.79,359.09,2.08
113.67957385,34.58658732,150.79,359.11,2.03
113.67957493,34.58658730,150.79,359.13,2.00
113.67957707,34.58658728,150.79,359.15,1.94
113.67957919,34.58658726,150.79,359.16,1.94
113.67958234,34.58658724,150.79,359.16,1.94
113.67958438,34.58658723,150.79,359.17,1.89
113.67958639,34.58658721,150.79,359.16,1.89
113.67958741,34.58658721,150.79,359.16,1.86
113.67958943,34.58658720,150.79,359.15,1.86
113.67959247,34.58658717,150.79,359.16,1.83
113.67959647,34.58658714,150.79,359.16,1.81
113.67959847,34.58658713,150.79,359.15,1.81
113.67960243,34.58658710,150.79,359.17,1.81
113.67960437,34.58658709,150.79,359.16,1.81
113.67960629,34.58658708,150.79,359.16,1.81
113.67960821,34.58658706,150.79,359.16,1.78
113.67961200,34.58658705,150.79,359.17,1.72
113.67961476,34.58658703,150.79,359.18,1.67
113.67961747,34.58658700,150.80,359.18,1.64
113.67962012,34.58658697,150.80,359.20,1.61
113.67962185,34.58658696,150.80,359.21,1.58
113.67962435,34.58658695,150.80,359.22,1.56
113.67962601,34.58658695,150.80,359.24,1.53
113.67962846,34.58658694,150.80,359.24,1.47
113.67963006,34.58658693,150.80,359.26,1.47
113.67963243,34.58658692,150.80,359.26,1.44
113.67963398,34.58658691,150.80,359.26,1.42
113.67963629,34.58658691,150.80,359.28,1.39
113.67963780,34.58658691,150.80,359.28,1.36
113.67964001,34.58658689,150.80,359.29,1.36
113.67964150,34.58658687,150.80,359.29,1.33
113.67964301,34.58658686,150.80,359.32,1.33
113.67964532,34.58658685,150.80,359.32,1.36
113.67964923,34.58658683,150.80,359.33,1.39
113.67965161,34.58658681,150.80,359.33,1.42
113.67965321,34.58658680,150.80,359.33,1.42
113.67965557,34.58658676,150.81,359.34,1.42
113.67965871,34.58658674,150.81,359.33,1.42
113.67966103,34.58658672,150.81,359.33,1.39
113.67966332,34.58658672,150.81,359.33,1.39
113.67966483,34.58658672,150.81,359.34,1.36
113.67966633,34.58658672,150.81,359.34,1.36
113.67966930,34.58658670,150.82,359.36,1.33
113.67967078,34.58658669,150.82,359.36,1.33
113.67967224,34.58658669,150.82,359.34,1.33
113.67967440,34.58658668,150.82,359.36,1.31
113.67967653,34.58658667,150.82,359.36,1.28
113.67967933,34.58658666,150.82,359.36,1.25
113.67968071,34.58658666,150.82,359.36,1.25
113.67968276,34.58658666,150.82,359.37,1.25
113.67968409,34.58658665,150.82,359.38,1.22
113.67968608,34.58658662,150.82,359.38,1.22
113.67968739,34.58658661,150.82,359.40,1.19
113.67968869,34.58658660,150.82,359.40,1.19
113.67969061,34.58658661,150.82,359.37,1.17
113.67969250,34.58658661,150.82,359.42,1.14
113.67969374,34.58658660,150.82,359.41,1.14
113.67969497,34.58658660,150.82,359.39,1.14
113.67969678,34.58658659,150.82,359.43,1.08
113.67969852,34.58658659,150.82,359.42,1.08
113.67969965,34.58658658,150.82,359.41,1.06
113.67970131,34.58658657,150.82,359.43,1.00
113.67970289,34.58658657,150.82,359.42,0.97
113.67970482,34.58658655,150.82,359.43,0.86
113.67970612,34.58658655,150.82,359.40,0.81
113.67970777,34.58658654,150.82,359.41,0.64
113.67970877,34.58658656,150.83,359.41,0.00
113.67970996,34.58658658,150.82,359.40,0.14
113.67971147,34.58658652,150.82,359.46,0.42
113.67971280,34.58658651,150.82,359.54,0.53
113.67971435,34.58658652,150.83,359.66,0.61
113.67971606,34.58658653,150.83,359.83,0.69
113.67971790,34.58658655,150.83,0.05,0.78
113.67971983,34.58658653,150.83,0.31,0.83
113.67972084,34.58658653,150.84,0.47,0.86
113.67972190,34.58658654,150.84,0.61,0.89
113.67972298,34.58658656,150.84,0.78,0.92
113.67972635,34.58658664,150.84,1.36,1.00
113.67972751,34.58658667,150.84,1.57,1.00
113.67972924,34.58658670,150.84,1.91,1.03
113.67973102,34.58658675,150.84,2.30,1.06
113.67973225,34.58658679,150.84,2.55,1.06
113.67973350,34.58658685,150.84,2.81,1.08
113.67973603,34.58658697,150.84,3.39,1.11
113.67973731,34.58658705,150.84,3.69,1.14
113.67973861,34.58658713,150.84,4.03,1.14
113.67973992,34.58658721,150.84,4.39,1.17
113.67974245,34.58658737,150.84,5.11,1.17
113.67974378,34.58658748,150.84,5.50,1.19
113.67974511,34.58658760,150.84,5.90,1.19
113.67974712,34.58658780,150.84,6.53,1.19
113.67974914,34.58658800,150.84,7.22,1.22
113.67975049,34.58658815,150.84,7.67,1.22
113.67975184,34.58658831,150.84,8.13,1.22
113.67975386,34.58658857,150.84,8.93,1.25
113.67975584,34.58658883,150.85,9.68,1.25
113.67975719,34.58658903,150.85,10.22,1.25
113.67975854,34.58658923,150.85,10.81,1.25
113.67976058,34.58658958,150.85,11.68,1.25
113.67976262,34.58658995,150.85,12.58,1.25
113.67976399,34.58659021,150.85,13.23,1.28
113.67976602,34.58659063,150.85,14.16,1.28
113.67976735,34.58659093,150.85,14.84,1.28
113.67976924,34.58659141,150.86,15.83,1.28
113.67977058,34.58659173,150.86,16.49,1.28
113.67977191,34.58659207,150.86,17.15,1.28
113.67977390,34.58659260,150.86,18.16,1.28
113.67977587,34.58659316,150.86,19.15,1.28
113.67977717,34.58659355,150.86,19.83,1.28
113.67977912,34.58659415,150.86,20.89,1.28
113.67978041,34.58659457,150.86,21.57,1.28
113.67978236,34.58659520,150.86,22.68,1.28
113.67978429,34.58659586,150.86,23.79,1.28
113.67978619,34.58659658,150.86,24.90,1.28
113.67978745,34.58659706,150.86,25.71,1.31
113.67978932,34.58659784,150.86,26.80,1.31
113.67979118,34.58659863,150.86,27.94,1.31
113.67979241,34.58659917,150.86,28.73,1.31
113.67979360,34.58659975,150.86,29.47,1.31
113.67979475,34.58660035,150.86,30.24,1.31
113.67979593,34.58660093,150.86,31.03,1.31
113.67979711,34.58660154,150.86,31.78,1.31
113.67979831,34.58660215,150.86,32.52,1.31
113.67979949,34.58660278,150.86,33.27,1.31
113.67980125,34.58660376,150.86,34.40,1.31
113.67980298,34.58660474,150.87,35.53,1.31
113.67980413,34.58660542,150.87,36.26,1.31
113.67980527,34.58660613,150.87,37.01,1.33
113.67980750,34.58660758,150.87,38.66,1.33
113.67980968,34.58660905,150.87,40.33,1.33
113.67981076,34.58660979,150.88,41.22,1.33
113.67981233,34.58661095,150.88,42.54,1.33
113.67981386,34.58661214,150.87,43.92,1.33
113.67981487,34.58661293,150.88,44.92,1.33
113.67981668,34.58661468,150.88,46.88,1.33
113.67981807,34.58661595,150.88,48.45,1.33
113.67981944,34.58661724,150.88,50.04,1.33
113.67982116,34.58661900,150.88,52.18,1.33
113.67982280,34.58662080,150.88,54.49,1.33
113.67982397,34.58662218,150.88,56.18,1.33
113.67982581,34.58662459,150.88,59.10,1.33
113.67982715,34.58662651,150.88,61.50,1.33
113.67982836,34.58662845,150.88,63.98,1.33
113.67982947,34.58663042,150.88,66.48,1.33
113.67983039,34.58663243,150.88,69.01,1.33
113.67983074,34.58663349,150.88,70.28,1.33
113.67983152,34.58663551,150.87,72.83,1.33
113.67983188,34.58663653,150.87,74.09,1.33
113.67983222,34.58663755,150.87,75.35,1.33
113.67983253,34.58663858,150.87,76.63,1.33
113.67983281,34.58663960,150.87,77.89,1.33
113.67983306,34.58664063,150.87,79.13,1.33
113.67983328,34.58664166,150.87,80.38,1.33
113.67983349,34.58664269,150.87,81.59,1.33
113.67983384,34.58664479,150.87,83.93,1.28
113.67983405,34.58664680,150.88,86.15,1.25
113.67983418,34.58664873,150.87,88.19,1.19
113.67983422,34.58665018,150.87,89.37,1.14
113.67983424,34.58665162,150.87,90.26,1.14
113.67983421,34.58665262,150.87,90.69,1.11
113.67983415,34.58665363,150.87,90.99,1.06
113.67983409,34.58665503,150.87,91.21,1.00
113.67983405,34.58665679,150.87,91.36,0.97
113.67983401,34.58665801,150.87,91.37,0.92
113.67983400,34.58665914,150.87,91.38,0.83
113.67983396,34.58666043,150.87,91.33,0.72
113.67983385,34.58666157,150.88,91.29,0.58
113.67983380,34.58666273,150.88,91.25,0.39
113.67983362,34.58666387,150.88,91.25,0.00
113.67983357,34.58666494,150.88,91.23,0.31
113.67983354,34.58666594,150.88,91.21,0.44
113.67983353,34.58666713,150.87,91.21,0.58
113.67983349,34.58666846,150.87,91.24,0.67
113.67983344,34.58666992,150.87,91.30,0.75
113.67983340,34.58667111,150.87,91.41,0.83
113.67983331,34.58667325,150.87,91.66,0.89
113.67983325,34.58667511,150.88,91.94,0.97
113.67983318,34.58667656,150.88,92.21,1.00
113.67983306,34.58667856,150.88,92.64,1.08
113.67983296,34.58668010,150.88,93.02,1.11
113.67983288,34.58668115,150.88,93.31,1.11
113.67983279,34.58668221,150.88,93.61,1.14
113.67983265,34.58668382,150.88,94.10,1.17
113.67983248,34.58668547,150.88,94.64,1.17
113.67983235,34.58668658,150.88,95.03,1.19
113.67983222,34.58668769,150.87,95.45,1.19
113.67983208,34.58668881,150.87,95.88,1.22
113.67983183,34.58669050,150.87,96.57,1.25
113.67983136,34.58669333,150.87,97.95,1.25
113.67983114,34.58669447,150.88,98.57,1.28
113.67983080,34.58669619,150.88,99.63,1.28
113.67983040,34.58669791,150.88,100.76,1.31
113.67983011,34.58669905,150.88,101.55,1.31
113.67982981,34.58670019,150.88,102.35,1.33
113.67982896,34.58670304,150.88,104.48,1.33
113.67982839,34.58670472,150.88,105.87,1.33
113.67982780,34.58670641,150.88,107.33,1.33
113.67982737,34.58670752,150.87,108.34,1.33
113.67982667,34.58670918,150.87,109.91,1.33
113.67982616,34.58671027,150.87,110.96,1.36
113.67982563,34.58671136,150.87,112.06,1.36
113.67982508,34.58671245,150.87,113.16,1.36
113.67982388,34.58671458,150.87,115.41,1.39
113.67982325,34.58671563,150.87,116.57,1.39
113.67982191,34.58671773,150.86,118.79,1.39
113.67982084,34.58671925,150.86,120.51,1.39
113.67981896,34.58672173,150.86,123.36,1.39
113.67981777,34.58672316,150.86,125.15,1.39
113.67981566,34.58672545,150.86,128.19,1.39
113.67981388,34.58672722,150.86,130.59,1.39
113.67981249,34.58672850,150.86,132.41,1.39
113.67981004,34.58673055,150.85,135.42,1.39
113.67980902,34.58673134,150.85,136.59,1.39
113.67980799,34.58673212,150.85,137.76,1.39
113.67980695,34.58673288,150.85,138.94,1.39
113.67980589,34.58673361,150.85,140.07,1.39
113.67980482,34.58673434,150.85,141.20,1.39
113.67980376,34.58673508,150.85,142.35,1.39
113.67980152,34.58673644,150.84,144.60,1.39
113.67980037,34.58673709,150.84,145.75,1.39
113.67979922,34.58673772,150.84,146.95,1.39
113.67979805,34.58673833,150.84,148.12,1.39
113.67979627,34.58673918,150.84,149.85,1.39
113.67979447,34.58674000,150.84,151.66,1.39
113.67979323,34.58674052,150.84,152.78,1.36
113.67979196,34.58674105,150.85,153.93,1.36
113.67979007,34.58674177,150.85,155.67,1.36
113.67978880,34.58674221,150.85,156.80,1.36
113.67978689,34.58674285,150.85,158.52,1.36
113.67978561,34.58674325,150.85,159.65,1.36
113.67978301,34.58674398,150.85,161.95,1.36
113.67978169,34.58674431,150.85,163.08,1.36
113.67978038,34.58674462,150.85,164.21,1.36
113.67977909,34.58674492,150.85,165.36,1.36
113.67977709,34.58674532,150.85,167.03,1.36
113.67977507,34.58674566,150.85,168.69,1.36
113.67977372,34.58674587,150.85,169.83,1.36
113.67977235,34.58674606,150.85,170.89,1.36
113.67977028,34.58674629,150.84,172.41,1.36
113.67976817,34.58674647,150.84,173.76,1.36
113.67976669,34.58674658,150.84,174.45,1.36
113.67976517,34.58674670,150.84,175.09,1.36
113.67976293,34.58674684,150.84,175.82,1.36
113.67976066,34.58674694,150.84,176.20,1.36
113.67975913,34.58674701,150.84,176.32,1.36
113.67975758,34.58674709,150.84,176.35,1.39
113.67975526,34.58674721,150.84,176.35,1.39
113.67975371,34.58674727,150.84,176.36,1.39
113.67975137,34.58674738,150.84,176.36,1.39
113.67974981,34.58674747,150.84,176.38,1.39
113.67974750,34.58674759,150.84,176.38,1.39
113.67974598,34.58674766,150.84,176.40,1.39
113.67974369,34.58674777,150.84,176.50,1.39
113.67974217,34.58674784,150.83,176.59,1.39
113.67974066,34.58674791,150.83,176.69,1.39
113.67973763,34.58674802,150.83,176.94,1.39
113.67973605,34.58674805,150.83,177.03,1.39
113.67973446,34.58674809,150.83,177.10,1.39
113.67973295,34.58674815,150.82,177.15,1.39
113.67972993,34.58674824,150.82,177.19,1.39
113.67972844,34.58674829,150.82,177.22,1.36
113.67972695,34.58674834,150.82,177.24,1.36
113.67972402,34.58674844,150.82,177.26,1.33
113.67972257,34.58674849,150.82,177.28,1.33
113.67972112,34.58674853,150.82,177.28,1.33
113.67971964,34.58674856,150.82,177.28,1.33
113.67971747,34.58674862,150.82,177.31,1.33
113.67971535,34.58674868,150.82,177.32,1.31
113.67971396,34.58674874,150.82,177.32,1.31
113.67971257,34.58674878,150.81,177.32,1.28
113.67970986,34.58674885,150.81,177.35,1.25
113.67970854,34.58674889,150.81,177.35,1.25
113.67970591,34.58674896,150.81,177.37,1.17
113.67970361,34.58674903,150.81,177.36,1.06
113.67970259,34.58674905,150.81,177.36,1.00
113.67970085,34.58674909,150.81,177.40,0.83
113.67969984,34.58674911,150.81,177.39,0.67
113.67969847,34.58674914,150.81,177.40,0.36
