113.67985883,34.58661991,150.99,86.18,0.00
113.67985886,34.58662112,150.95,86.17,0.31
113.67985898,34.58662258,150.95,86.13,0.50
113.67985907,34.58662379,150.95,86.09,0.61
113.67985918,34.58662530,150.95,86.07,0.81
113.67985933,34.58662719,150.95,86.03,1.00
113.67985942,34.58662827,150.95,86.01,1.11
113.67985951,34.58662945,150.95,85.99,1.19
113.67985961,34.58663072,150.95,85.97,1.33
113.67985985,34.58663355,150.95,85.92,1.53
113.67985997,34.58663510,150.95,85.91,1.61
113.67986009,34.58663673,150.96,85.88,1.72
113.67986024,34.58663843,150.96,85.87,1.81
113.67986040,34.58664018,150.96,85.87,1.86
113.67986056,34.58664201,150.96,85.89,1.94
113.67986071,34.58664389,150.96,85.90,2.03
113.67986087,34.58664583,150.96,85.93,2.11
113.67986102,34.58664782,150.96,86.01,2.14
113.67986119,34.58664986,150.96,86.10,2.19
113.67986135,34.58665192,150.96,86.20,2.22
113.67986147,34.58665398,150.96,86.35,2.22
113.67986159,34.58665604,150.97,86.55,2.25
113.67986173,34.58665809,150.97,86.76,2.25
113.67986182,34.58666013,150.97,86.98,2.25
113.67986195,34.58666215,150.97,87.26,2.22
113.67986206,34.58666414,150.97,87.56,2.22
113.67986216,34.58666612,150.97,87.87,2.17
113.67986224,34.58666806,150.97,88.22,2.17
113.67986235,34.58667191,150.97,89.00,2.11
113.67986238,34.58667380,150.97,89.38,2.11
113.67986240,34.58667567,150.97,89.76,2.08
113.67986240,34.58667756,150.97,90.14,2.08
113.67986242,34.58667944,150.97,90.54,2.08
113.67986240,34.58668132,150.97,90.98,2.08
113.67986239,34.58668319,150.96,91.45,2.08
113.67986233,34.58668506,150.96,91.96,2.08
113.67986228,34.58668691,150.96,92.51,2.08
113.67986206,34.58669061,150.96,93.71,2.08
113.67986193,34.58669244,150.96,94.36,2.06
113.67986178,34.58669427,150.96,95.06,2.06
113.67986160,34.58669610,150.96,95.85,2.06
113.67986137,34.58669789,150.95,96.70,2.06
113.67986112,34.58669970,150.95,97.63,2.06
113.67986082,34.58670146,150.96,98.63,2.03
113.67986049,34.58670321,150.96,99.71,2.00
113.67986013,34.58670492,150.96,100.90,2.00
113.67985975,34.58670660,150.96,102.17,1.97
113.67985931,34.58670824,150.96,103.45,1.94
113.67985882,34.58670982,150.96,104.68,1.94
113.67985830,34.58671135,150.96,105.93,1.89
113.67985780,34.58671286,150.96,107.26,1.83
113.67985725,34.58671430,150.95,108.70,1.81
113.67985668,34.58671570,150.95,110.23,1.81
113.67985608,34.58671702,150.95,111.81,1.78
113.67985545,34.58671832,150.95,113.36,1.72
113.67985479,34.58671955,150.95,114.90,1.69
113.67985413,34.58672077,150.95,116.48,1.67
113.67985345,34.58672194,150.95,118.11,1.64
113.67985274,34.58672303,150.95,119.78,1.61
113.67985201,34.58672407,150.95,121.48,1.58
113.67985126,34.58672508,150.95,123.23,1.56
113.67984972,34.58672695,150.95,126.76,1.50
113.67984814,34.58672867,150.95,130.25,1.47
113.67984650,34.58673021,150.95,133.66,1.39
113.67984483,34.58673162,150.95,136.93,1.33
113.67984314,34.58673291,150.95,140.09,1.31
113.67984142,34.58673406,150.94,143.13,1.25
113.67983971,34.58673510,150.94,146.09,1.19
113.67983800,34.58673603,150.94,148.91,1.17
113.67983633,34.58673687,150.94,151.66,1.11
113.67983468,34.58673760,150.94,154.27,1.06
113.67983297,34.58673827,150.93,156.90,1.06
113.67983123,34.58673888,150.93,159.50,1.06
113.67982945,34.58673941,150.93,162.10,1.06
113.67982764,34.58673991,150.93,164.79,1.06
113.67982576,34.58674030,150.93,167.43,1.06
113.67982386,34.58674065,150.92,170.14,1.06
113.67982190,34.58674092,150.92,172.73,1.06
113.67981993,34.58674112,150.92,174.99,1.06
113.67981798,34.58674127,150.92,176.77,1.00
113.67981604,34.58674136,150.92,177.94,0.92
113.67981417,34.58674145,150.92,178.69,0.86
113.67981241,34.58674149,150.91,179.03,0.81
113.67981090,34.58674153,150.91,179.14,0.69
113.67980976,34.58674155,150.91,179.20,0.56
113.67980874,34.58674156,150.91,179.22,0.31
113.67980771,34.58674159,150.84,179.23,0.00
113.67980640,34.58674160,150.84,179.23,0.36
113.67980520,34.58674162,150.84,179.22,0.50
113.67980378,34.58674164,150.84,179.21,0.58
113.67980216,34.58674165,150.84,179.21,0.69
113.67980037,34.58674167,150.84,179.19,0.78
113.67979832,34.58674169,150.84,179.20,0.89
113.67979716,34.58674171,150.84,179.19,1.00
113.67979591,34.58674172,150.84,179.18,1.06
113.67979456,34.58674173,150.84,179.16,1.14
113.67979314,34.58674174,150.84,179.13,1.25
113.67979161,34.58674175,150.84,179.11,1.33
113.67979000,34.58674177,150.84,179.09,1.39
113.67978830,34.58674180,150.84,179.04,1.47
113.67978655,34.58674183,150.84,178.98,1.53
113.67978473,34.58674185,150.84,178.96,1.58
113.67978289,34.58674188,150.84,178.91,1.64
113.67977916,34.58674194,150.84,178.80,1.64
113.67977728,34.58674197,150.84,178.74,1.67
113.67977539,34.58674200,150.84,178.68,1.67
113.67977351,34.58674203,150.84,178.65,1.69
113.67977161,34.58674207,150.84,178.61,1.69
113.67976970,34.58674210,150.84,178.54,1.69
113.67976776,34.58674215,150.84,178.52,1.72
113.67976583,34.58674218,150.83,178.51,1.75
113.67976191,34.58674224,150.83,178.47,1.75
113.67975994,34.58674227,150.83,178.49,1.78
113.67975797,34.58674231,150.83,178.48,1.81
113.67975599,34.58674235,150.83,178.49,1.81
113.67975401,34.58674239,150.83,178.52,1.81
113.67975202,34.58674242,150.83,178.55,1.81
113.67975004,34.58674245,150.82,178.59,1.81
113.67974807,34.58674249,150.82,178.61,1.81
113.67974612,34.58674252,150.82,178.64,1.78
113.67974418,34.58674256,150.82,178.70,1.75
113.67974226,34.58674260,150.82,178.74,1.75
113.67973849,34.58674265,150.82,178.78,1.72
113.67973664,34.58674268,150.82,178.81,1.69
113.67973477,34.58674268,150.82,178.82,1.67
113.67973295,34.58674270,150.82,178.84,1.67
113.67973114,34.58674271,150.82,178.87,1.64
113.67972936,34.58674275,150.82,178.90,1.64
113.67972759,34.58674276,150.82,178.92,1.61
113.67972586,34.58674279,150.81,178.95,1.61
113.67972415,34.58674282,150.81,178.99,1.58
113.67972243,34.58674282,150.81,179.00,1.56
113.67972074,34.58674282,150.81,179.03,1.53
113.67971910,34.58674285,150.81,179.05,1.53
113.67971745,34.58674286,150.81,179.09,1.47
113.67971584,34.58674288,150.81,179.12,1.47
113.67971422,34.58674289,150.81,179.15,1.47
113.67971263,34.58674291,150.80,179.15,1.47
113.67971104,34.58674292,150.80,179.18,1.44
113.67970947,34.58674293,150.80,179.21,1.44
113.67970792,34.58674295,150.80,179.22,1.42
113.67970637,34.58674295,150.80,179.25,1.42
113.67970482,34.58674296,150.79,179.28,1.39
113.67970330,34.58674298,150.79,179.30,1.39
113.67970177,34.58674299,150.79,179.32,1.39
113.67970026,34.58674301,150.79,179.35,1.39
113.67969875,34.58674301,150.79,179.37,1.36
113.67969729,34.58674302,150.79,179.40,1.33
113.67969582,34.58674302,150.79,179.42,1.33
113.67969441,34.58674303,150.79,179.43,1.31
113.67969305,34.58674305,150.79,179.46,1.25
113.67969175,34.58674305,150.79,179.49,1.19
113.67969055,34.58674304,150.80,179.50,1.11
113.67968947,34.58674305,150.80,179.50,1.00
113.67968761,34.58674305,150.79,179.52,0.86
113.67968616,34.58674304,150.79,179.53,0.67
113.67968514,34.58674304,150.79,179.54,0.47
113.67968403,34.58674288,150.83,179.55,0.00
113.67968296,34.58674288,150.83,179.56,0.22
113.67968183,34.58674289,150.83,179.56,0.47
113.67968043,34.58674290,150.83,179.54,0.56
113.67967880,34.58674290,150.83,179.55,0.69
113.67967692,34.58674291,150.83,179.53,0.81
113.67967588,34.58674291,150.83,179.54,0.86
113.67967476,34.58674292,150.83,179.55,0.94
113.67967356,34.58674292,150.83,179.53,1.03
113.67967229,34.58674293,150.83,179.52,1.11
113.67967093,34.58674294,150.83,179.52,1.17
113.67966949,34.58674295,150.83,179.52,1.25
113.67966798,34.58674297,150.83,179.51,1.33
113.67966641,34.58674298,150.83,179.49,1.36
113.67966479,34.58674298,150.83,179.47,1.42
113.67966314,34.58674299,150.83,179.46,1.47
113.67966145,34.58674299,150.83,179.46,1.47
113.67965973,34.58674300,150.83,179.44,1.53
113.67965797,34.58674300,150.83,179.43,1.56
113.67965618,34.58674302,150.83,179.43,1.58
113.67965436,34.58674303,150.83,179.42,1.64
113.67965252,34.58674304,150.83,179.40,1.64
113.67965065,34.58674306,150.82,179.41,1.67
113.67964875,34.58674306,150.82,179.40,1.69
113.67964682,34.58674307,150.82,179.37,1.72
113.67964488,34.58674309,150.82,179.37,1.72
113.67964292,34.58674309,150.82,179.35,1.75
113.67964095,34.58674311,150.82,179.33,1.75
113.67963897,34.58674311,150.82,179.33,1.78
113.67963697,34.58674313,150.82,179.32,1.81
113.67963496,34.58674314,150.82,179.30,1.81
113.67963294,34.58674316,150.82,179.29,1.81
113.67963090,34.58674318,150.82,179.29,1.83
113.67962885,34.58674318,150.82,179.28,1.83
113.67962679,34.58674318,150.82,179.27,1.83
113.67962472,34.58674321,150.82,179.27,1.83
113.67962262,34.58674323,150.82,179.26,1.86
113.67962052,34.58674325,150.82,179.23,1.89
113.67961839,34.58674326,150.82,179.23,1.92
113.67961624,34.58674328,150.82,179.21,1.94
113.67961407,34.58674329,150.82,179.19,1.94
113.67961187,34.58674331,150.82,179.18,1.97
113.67960966,34.58674334,150.82,179.17,1.97
113.67960744,34.58674335,150.82,179.15,2.00
113.67960519,34.58674337,150.82,179.15,2.03
113.67960293,34.58674340,150.82,179.13,2.03
113.67960064,34.58674341,150.82,179.09,2.06
113.67959834,34.58674344,150.82,179.08,2.08
113.67959602,34.58674345,150.82,179.06,2.08
113.67959369,34.58674349,150.82,179.01,2.08
113.67959133,34.58674350,150.82,178.99,2.11
113.67958660,34.58674357,150.82,178.94,2.11
113.67958419,34.58674359,150.82,178.93,2.14
113.67958178,34.58674361,150.82,178.91,2.17
113.67957936,34.58674365,150.82,178.88,2.17
113.67957691,34.58674367,150.82,178.86,2.17
113.67957445,34.58674371,150.82,178.83,2.19
113.67957198,34.58674373,150.82,178.79,2.22
113.67956950,34.58674377,150.82,178.75,2.25
113.67956700,34.58674380,150.82,178.73,2.25
113.67956449,34.58674385,150.82,178.72,2.25
113.67956198,34.58674390,150.82,178.65,2.25
113.67955945,34.58674393,150.82,178.63,2.28
113.67955690,34.58674396,150.82,178.62,2.28
113.67955434,34.58674401,150.82,178.58,2.31
113.67955177,34.58674404,150.82,178.54,2.31
113.67954920,34.58674409,150.82,178.52,2.31
113.67954663,34.58674412,150.82,178.47,2.31
113.67954408,34.58674418,150.82,178.45,2.31
113.67954155,34.58674422,150.82,178.45,2.31
113.67953904,34.58674428,150.82,178.42,2.25
113.67953408,34.58674437,150.82,178.42,2.25
113.67953162,34.58674440,150.82,178.40,2.22
113.67952917,34.58674446,150.82,178.38,2.22
113.67952671,34.58674450,150.81,178.38,2.25
113.67952427,34.58674455,150.81,178.35,2.22
113.67952182,34.58674458,150.81,178.32,2.22
113.67951939,34.58674465,150.81,178.32,2.22
113.67951696,34.58674469,150.81,178.32,2.22
113.67951454,34.58674477,150.81,178.31,2.19
113.67951212,34.58674483,150.82,178.30,2.19
113.67950971,34.58674487,150.82,178.28,2.19
113.67950730,34.58674490,150.81,178.27,2.19
113.67950490,34.58674497,150.81,178.27,2.17
113.67950250,34.58674501,150.81,178.25,2.17
113.67950012,34.58674507,150.81,178.20,2.17
113.67949774,34.58674510,150.81,178.21,2.17
113.67949538,34.58674517,150.81,178.23,2.14
113.67949302,34.58674521,150.81,178.20,2.14
113.67948600,34.58674538,150.81,178.17,2.11
113.67948367,34.58674541,150.81,178.16,2.11
113.67948135,34.58674549,150.81,178.17,2.11
113.67947902,34.58674553,150.81,178.14,2.11
113.67947670,34.58674559,150.81,178.10,2.11
113.67947437,34.58674563,150.80,178.14,2.11
113.67947204,34.58674569,150.80,178.14,2.11
113.67946972,34.58674573,150.80,178.12,2.11
113.67946741,34.58674580,150.80,178.14,2.11
113.67946510,34.58674587,150.80,178.15,2.11
113.67946279,34.58674590,150.80,178.14,2.11
113.67946049,34.58674594,150.80,178.15,2.11
113.67945819,34.58674601,150.80,178.17,2.08
113.67945589,34.58674604,150.80,178.16,2.08
113.67945359,34.58674610,150.80,178.19,2.08
113.67945130,34.58674613,150.80,178.24,2.08
113.67944901,34.58674619,150.80,178.26,2.08
113.67944672,34.58674623,150.80,178.32,2.08
113.67944444,34.58674629,150.79,178.38,2.08
113.67944217,34.58674635,150.80,178.41,2.08
113.67943990,34.58674638,150.80,178.48,2.08
113.67943762,34.58674641,150.79,178.54,2.08
113.67943535,34.58674646,150.79,178.56,2.08
113.67943307,34.58674647,150.79,178.59,2.08
113.67943079,34.58674652,150.79,178.62,2.08
113.67942851,34.58674655,150.79,178.64,2.08
113.67942623,34.58674660,150.79,178.66,2.08
113.67942395,34.58674661,150.79,178.69,2.08
113.67942167,34.58674665,150.79,178.70,2.08
113.67941938,34.58674670,150.80,178.73,2.08
113.67941484,34.58674674,150.80,178.77,2.08
113.67941257,34.58674678,150.80,178.77,2.08
113.67941030,34.58674680,150.80,178.79,2.08
113.67940802,34.58674684,150.79,178.79,2.08
113.67940574,34.58674686,150.79,178.80,2.08
113.67940345,34.58674691,150.79,178.83,2.08
113.67940116,34.58674693,150.79,178.84,2.08
113.67939887,34.58674698,150.79,178.85,2.08
113.67939429,34.58674703,150.80,178.89,2.08
113.67939200,34.58674705,150.80,178.90,2.08
113.67938971,34.58674709,150.79,178.91,2.08
113.67938742,34.58674711,150.79,178.90,2.08
113.67938513,34.58674715,150.80,178.89,2.08
113.67938285,34.58674717,150.80,178.92,2.08
113.67938055,34.58674721,150.80,178.93,2.08
113.67937825,34.58674722,150.80,178.92,2.08
113.67937595,34.58674727,150.79,178.94,2.08
113.67937364,34.58674731,150.79,178.96,2.08
113.67937132,34.58674731,150.79,178.94,2.08
113.67936899,34.58674733,150.79,178.95,2.11
113.67936666,34.58674738,150.79,178.97,2.11
113.67936431,34.58674739,150.79,178.95,2.11
113.67936195,34.58674744,150.79,178.94,2.11
113.67935956,34.58674745,150.79,178.96,2.14
113.67935717,34.58674749,150.79,178.96,2.17
113.67935478,34.58674749,150.79,178.96,2.17
113.67935237,34.58674753,150.80,178.97,2.17
113.67934994,34.58674757,150.80,178.98,2.17
113.67934751,34.58674758,150.80,178.97,2.19
113.67934507,34.58674759,150.79,178.98,2.19
113.67934262,34.58674763,150.79,178.98,2.22
113.67934015,34.58674763,150.79,178.97,2.22
113.67933768,34.58674767,150.79,178.98,2.22
113.67933521,34.58674768,150.79,178.99,2.25
113.67933274,34.58674773,150.79,179.00,2.25
113.67933027,34.58674774,150.79,179.01,2.25
113.67932780,34.58674778,150.79,179.00,2.25
113.67932285,34.58674784,150.79,179.04,2.25
113.67932036,34.58674785,150.79,179.01,2.25
113.67931787,34.58674788,150.79,178.99,2.25
113.67931538,34.58674789,150.79,179.01,2.25
113.67931288,34.58674792,150.79,179.02,2.25
113.67931037,34.58674792,150.78,179.00,2.25
113.67930785,34.58674797,150.79,179.02,2.25
113.67930533,34.58674799,150.79,179.05,2.25
113.67930407,34.58674801,150.79,179.04,2.25
113.67930027,34.58674806,150.79,179.04,2.28
113.67929774,34.58674808,150.79,179.07,2.28
113.67929520,34.58674809,150.79,179.06,2.31
113.67929266,34.58674813,150.78,179.04,2.31
113.67929011,34.58674814,150.78,179.08,2.31
113.67928757,34.58674818,150.78,179.10,2.31
113.67928503,34.58674818,150.78,179.10,2.31
113.67928248,34.58674822,150.78,179.13,2.31
113.67927994,34.58674823,150.78,179.15,2.31
113.67927741,34.58674826,150.78,179.17,2.31
113.67927487,34.58674829,150.77,179.21,2.31
113.67927234,34.58674830,150.77,179.22,2.31
113.67926982,34.58674830,150.77,179.23,2.31
113.67926729,34.58674833,150.77,179.28,2.28
113.67926478,34.58674832,150.77,179.33,2.28
113.67926228,34.58674835,150.77,179.38,2.28
113.67925978,34.58674835,150.77,179.44,2.28
113.67925730,34.58674837,150.77,179.49,2.25
113.67925482,34.58674836,150.77,179.55,2.25
113.67925235,34.58674837,150.77,179.62,2.25
113.67924989,34.58674838,150.77,179.65,2.25
113.67924744,34.58674836,150.77,179.70,2.25
113.67924499,34.58674836,150.77,179.80,2.25
113.67924255,34.58674838,150.77,179.88,2.22
113.67923769,34.58674835,150.77,180.03,2.22
113.67923527,34.58674833,150.77,180.16,2.22
113.67923286,34.58674832,150.77,180.24,2.19
113.67923045,34.58674829,150.77,180.32,2.19
113.67922806,34.58674828,150.77,180.46,2.19
113.67922567,34.58674825,150.77,180.60,2.17
113.67922329,34.58674820,150.77,180.71,2.17
113.67922093,34.58674815,150.77,180.88,2.17
113.67921857,34.58674813,150.77,181.10,2.17
113.67921621,34.58674808,150.77,181.27,2.14
113.67921387,34.58674803,150.76,181.46,2.14
113.67921153,34.58674796,150.76,181.71,2.11
113.67920920,34.58674790,150.76,181.93,2.11
113.67920688,34.58674781,150.76,182.15,2.11
113.67920456,34.58674775,150.76,182.42,2.11
113.67920226,34.58674767,150.76,182.68,2.11
113.67919995,34.58674754,150.76,182.92,2.11
113.67919766,34.58674741,150.76,183.22,2.11
113.67919538,34.58674730,150.76,183.52,2.08
113.67919311,34.58674716,150.76,183.82,2.08
113.67919084,34.58674704,150.76,184.17,2.08
113.67918859,34.58674688,150.76,184.56,2.08
113.67918634,34.58674674,150.76,184.96,2.08
113.67918411,34.58674656,150.76,185.40,2.08
113.67918187,34.58674639,150.76,185.87,2.08
113.67917744,34.58674597,150.76,186.83,2.06
113.67917524,34.58674573,150.76,187.33,2.06
113.67917304,34.58674550,150.76,187.86,2.03
113.67917086,34.58674524,150.76,188.44,2.03
113.67916868,34.58674496,150.76,189.07,2.03
113.67916653,34.58674465,150.76,189.73,2.03
113.67916438,34.58674434,150.76,190.40,2.03
113.67916225,34.58674400,150.76,191.10,2.03
113.67916011,34.58674365,150.76,191.89,2.03
113.67915799,34.58674329,150.76,192.69,2.03
113.67915589,34.58674287,150.76,193.43,2.00
113.67915380,34.58674244,150.76,194.14,2.00
113.67915170,34.58674200,150.76,194.84,2.00
113.67914962,34.58674153,150.76,195.58,2.00
113.67914754,34.58674106,150.76,196.40,2.00
113.67914550,34.58674055,150.76,197.26,2.00
113.67914346,34.58674001,150.76,198.18,2.00
113.67914146,34.58673945,150.76,199.14,1.97
113.67913945,34.58673887,150.76,200.10,1.97
113.67913746,34.58673827,150.76,201.06,1.97
113.67913551,34.58673763,150.76,202.06,1.97
113.67913357,34.58673697,150.76,203.11,1.97
113.67913163,34.58673628,150.76,204.14,1.97
113.67912974,34.58673556,150.76,205.20,1.97
113.67912784,34.58673483,150.76,206.27,1.97
113.67912599,34.58673406,150.76,207.33,1.97
113.67912414,34.58673327,150.76,208.38,1.94
113.67912232,34.58673245,150.76,209.48,1.94
113.67912051,34.58673162,150.76,210.61,1.94
113.67911873,34.58673074,150.76,211.73,1.94
113.67911701,34.58672983,150.76,212.88,1.94
113.67911530,34.58672890,150.76,214.06,1.94
113.67911361,34.58672794,150.76,215.25,1.94
113.67911196,34.58672695,150.76,216.42,1.94
113.67911032,34.58672595,150.76,217.62,1.94
113.67910873,34.58672491,150.76,218.80,1.94
113.67910714,34.58672385,150.76,219.99,1.94
113.67910559,34.58672278,150.76,221.23,1.94
113.67910254,34.58672053,150.76,223.64,1.94
113.67910108,34.58671937,150.76,224.88,1.94
113.67909964,34.58671818,150.76,226.11,1.94
113.67909822,34.58671696,150.76,227.34,1.94
113.67909684,34.58671571,150.76,228.58,1.94
113.67909549,34.58671443,150.76,229.81,1.94
113.67909420,34.58671313,150.76,231.05,1.94
113.67909291,34.58671180,150.76,232.28,1.94
113.67909167,34.58671044,150.76,233.51,1.94
113.67909042,34.58670906,150.76,234.78,1.97
113.67908921,34.58670766,150.76,236.05,1.97
113.67908696,34.58670477,150.76,238.50,1.97
113.67908584,34.58670329,150.76,239.79,1.97
113.67908480,34.58670180,150.76,241.03,1.97
113.67908378,34.58670026,150.76,242.26,1.97
113.67908283,34.58669872,150.76,243.53,2.00
113.67908189,34.58669715,150.77,244.80,2.00
113.67908102,34.58669556,150.77,246.04,2.00
113.67908015,34.58669395,150.77,247.29,2.00
113.67907931,34.58669233,150.76,248.55,2.00
113.67907856,34.58669069,150.76,249.80,2.03
113.67907785,34.58668903,150.76,251.06,2.03
113.67907715,34.58668735,150.76,252.33,2.03
113.67907651,34.58668566,150.76,253.60,2.03
113.67907591,34.58668394,150.76,254.84,2.03
113.67907537,34.58668222,150.76,256.09,2.03
113.67907485,34.58668048,150.76,257.36,2.03
113.67907440,34.58667873,150.76,258.62,2.06
113.67907398,34.58667697,150.76,259.86,2.06
113.67907359,34.58667520,150.76,261.12,2.06
113.67907328,34.58667343,150.76,262.39,2.06
113.67907301,34.58667165,150.76,263.63,2.08
113.67907276,34.58666986,150.76,264.92,2.08
113.67907260,34.58666808,150.76,266.20,2.08
113.67907247,34.58666629,150.76,267.48,2.08
113.67907239,34.58666451,150.76,268.78,2.08
113.67907234,34.58666273,150.76,270.09,2.08
113.67907236,34.58666097,150.76,271.38,2.06
113.67907241,34.58665920,150.75,272.70,2.06
113.67907252,34.58665745,150.75,274.05,2.03
113.67907270,34.58665572,150.75,275.42,2.03
113.67907316,34.58665230,150.75,278.38,2.03
113.67907349,34.58665062,150.75,279.89,2.03
113.67907383,34.58664895,150.75,281.47,2.03
113.67907424,34.58664730,150.75,283.04,2.00
113.67907470,34.58664567,150.75,284.58,2.00
113.67907521,34.58664406,150.75,286.17,1.97
113.67907576,34.58664247,150.75,287.77,1.97
113.67907706,34.58663935,150.75,290.83,1.94
113.67907778,34.58663784,150.75,292.40,1.94
113.67907853,34.58663633,150.75,293.97,1.94
113.67907935,34.58663486,150.75,295.47,1.94
113.67908018,34.58663340,150.75,297.00,1.94
113.67908108,34.58663199,150.75,298.53,1.94
113.67908201,34.58663059,150.75,300.04,1.94
113.67908298,34.58662922,150.75,301.54,1.92
113.67908398,34.58662786,150.75,303.01,1.92
113.67908503,34.58662653,150.75,304.45,1.89
113.67908612,34.58662523,150.74,305.95,1.89
113.67908725,34.58662395,150.74,307.39,1.89
113.67908843,34.58662268,150.74,308.77,1.89
113.67908965,34.58662144,150.74,310.14,1.89
113.67909090,34.58662020,150.74,311.52,1.89
113.67909220,34.58661902,150.74,312.85,1.89
113.67909355,34.58661783,150.74,314.13,1.89
113.67909494,34.58661668,150.74,315.42,1.89
113.67909635,34.58661551,150.74,316.75,1.92
113.67909781,34.58661438,150.74,318.03,1.92
113.67909931,34.58661329,150.74,319.31,1.92
113.67910084,34.58661222,150.75,320.64,1.94
113.67910240,34.58661116,150.75,321.94,1.94
113.67910402,34.58661016,150.75,323.23,1.94
113.67910564,34.58660914,150.75,324.58,1.94
113.67910731,34.58660817,150.75,325.90,1.94
113.67910902,34.58660722,150.75,327.18,1.94
113.67911075,34.58660631,150.75,328.49,1.94
113.67911252,34.58660541,150.75,329.75,1.97
113.67911433,34.58660454,150.75,330.94,1.97
113.67911616,34.58660371,150.75,332.14,1.97
113.67911801,34.58660290,150.75,333.37,1.97
113.67911988,34.58660211,150.75,334.57,1.97
113.67912178,34.58660138,150.75,335.75,1.97
113.67912370,34.58660065,150.75,336.97,2.00
113.67912566,34.58659999,150.75,338.18,2.00
113.67912764,34.58659934,150.75,339.35,2.00
113.67912965,34.58659874,150.75,340.53,2.03
113.67913372,34.58659757,150.75,342.81,2.03
113.67913580,34.58659707,150.75,343.94,2.03
113.67913789,34.58659659,150.75,345.06,2.03
113.67913999,34.58659613,150.75,346.12,2.03
113.67914210,34.58659571,150.75,347.16,2.03
113.67914422,34.58659530,150.75,348.17,2.03
113.67914636,34.58659495,150.76,349.15,2.03
113.67914850,34.58659462,150.76,350.08,2.03
113.67915064,34.58659433,150.76,350.99,2.03
113.67915277,34.58659405,150.76,351.85,2.03
113.67915491,34.58659380,150.76,352.67,2.03
113.67915923,34.58659342,150.76,354.13,2.00
113.67916139,34.58659323,150.76,354.78,2.00
113.67916356,34.58659308,150.76,355.37,2.00
113.67916573,34.58659294,150.76,355.90,2.00
113.67916791,34.58659285,150.76,356.33,2.00
113.67917010,34.58659273,150.76,356.65,1.97
113.67917229,34.58659265,150.76,356.88,1.97
113.67917448,34.58659254,150.76,357.05,1.97
113.67917667,34.58659245,150.76,357.15,1.97
113.67917887,34.58659239,150.76,357.20,1.97
113.67918105,34.58659233,150.76,357.22,1.97
113.67918324,34.58659225,150.76,357.22,1.97
113.67918542,34.58659217,150.76,357.20,1.97
113.67918761,34.58659208,150.76,357.16,1.97
113.67918981,34.58659200,150.76,357.13,1.97
113.67919203,34.58659191,150.76,357.09,1.97
113.67919425,34.58659184,150.76,357.03,2.00
113.67919649,34.58659175,150.76,357.01,2.00
113.67919875,34.58659166,150.76,356.97,2.03
113.67920102,34.58659158,150.76,356.93,2.03
113.67920330,34.58659149,150.76,356.90,2.06
113.67920559,34.58659139,150.76,356.89,2.06
113.67920789,34.58659131,150.77,356.89,2.06
113.67921020,34.58659122,150.77,356.93,2.08
113.67921251,34.58659114,150.77,356.96,2.11
113.67921484,34.58659103,150.77,356.96,2.11
113.67921718,34.58659095,150.77,356.98,2.11
113.67921955,34.58659085,150.77,357.02,2.11
113.67922195,34.58659075,150.77,357.04,2.14
113.67922436,34.58659067,150.77,357.04,2.17
113.67922679,34.58659059,150.77,357.07,2.19
113.67922924,34.58659050,150.77,357.11,2.22
113.67923171,34.58659042,150.77,357.13,2.25
113.67923421,34.58659032,150.77,357.13,2.25
113.67923672,34.58659024,150.77,357.17,2.25
113.67923925,34.58659013,150.77,357.20,2.25
113.67924179,34.58659005,150.77,357.22,2.28
113.67924435,34.58658994,150.78,357.24,2.31
113.67924693,34.58658985,150.77,357.30,2.31
113.67924951,34.58658977,150.77,357.37,2.33
113.67925209,34.58658970,150.77,357.42,2.36
113.67925470,34.58658961,150.77,357.46,2.36
113.67925729,34.58658953,150.77,357.53,2.36
113.67925990,34.58658944,150.78,357.58,2.36
113.67926249,34.58658937,150.78,357.62,2.36
113.67926510,34.58658928,150.78,357.68,2.36
113.67926770,34.58658922,150.77,357.75,2.36
113.67927031,34.58658913,150.78,357.82,2.36
113.67927294,34.58658905,150.78,357.86,2.36
113.67927817,34.58658894,150.78,357.96,2.36
113.67928080,34.58658887,150.78,358.01,2.39
113.67928340,34.58658882,150.78,358.05,2.39
113.67928602,34.58658875,150.78,358.08,2.39
113.67928861,34.58658868,150.78,358.11,2.36
113.67929123,34.58658861,150.78,358.14,2.36
113.67929383,34.58658856,150.78,358.18,2.36
113.67929644,34.58658851,150.78,358.21,2.36
113.67929907,34.58658844,150.78,358.24,2.39
113.67930167,34.58658839,150.78,358.27,2.39
113.67930428,34.58658833,150.77,358.31,2.39
113.67930690,34.58658827,150.77,358.32,2.39
113.67930949,34.58658824,150.77,358.32,2.39
113.67931208,34.58658817,150.77,358.36,2.36
113.67931463,34.58658814,150.78,358.38,2.31
113.67931718,34.58658808,150.78,358.38,2.31
113.67931969,34.58658804,150.78,358.38,2.28
113.67932219,34.58658798,150.78,358.39,2.25
113.67932467,34.58658792,150.78,358.39,2.25
113.67932710,34.58658788,150.78,358.37,2.25
113.67932952,34.58658784,150.78,358.36,2.22
113.67933196,34.58658778,150.78,358.33,2.19
113.67933437,34.58658774,150.78,358.32,2.22
113.67933680,34.58658768,150.78,358.30,2.22
113.67933921,34.58658765,150.78,358.25,2.19
113.67934163,34.58658760,150.78,358.21,2.19
113.67934404,34.58658756,150.78,358.18,2.19
113.67934645,34.58658749,150.78,358.15,2.19
113.67934886,34.58658743,150.78,358.11,2.19
113.67935126,34.58658739,150.78,358.10,2.19
113.67935366,34.58658734,150.78,358.05,2.19
113.67935604,34.58658726,150.78,357.99,2.17
113.67935840,34.58658720,150.78,357.95,2.17
113.67936078,34.58658713,150.78,357.91,2.17
113.67936314,34.58658709,150.78,357.87,2.14
113.67936551,34.58658702,150.78,357.81,2.14
113.67936787,34.58658696,150.78,357.79,2.14
113.67937023,34.58658688,150.78,357.79,2.14
113.67937493,34.58658674,150.78,357.79,2.14
113.67937727,34.58658669,150.78,357.79,2.14
113.67938193,34.58658657,150.78,357.81,2.11
113.67938425,34.58658648,150.78,357.82,2.11
113.67938655,34.58658643,150.78,357.80,2.11
113.67938885,34.58658636,150.78,357.81,2.08
113.67939114,34.58658632,150.78,357.83,2.11
113.67939343,34.58658625,150.78,357.83,2.08
113.67939572,34.58658617,150.78,357.83,2.08
113.67939800,34.58658612,150.78,357.83,2.08
113.67940028,34.58658607,150.78,357.83,2.08
113.67940255,34.58658600,150.78,357.82,2.08
113.67940481,34.58658596,150.78,357.82,2.06
113.67940705,34.58658589,150.78,357.81,2.06
113.67940930,34.58658585,150.78,357.81,2.06
113.67941154,34.58658577,150.78,357.82,2.06
113.67941379,34.58658572,150.78,357.80,2.03
113.67941604,34.58658565,150.78,357.80,2.03
113.67942055,34.58658552,150.78,357.79,2.03
113.67942283,34.58658547,150.78,357.79,2.06
113.67942509,34.58658540,150.78,357.79,2.08
113.67942737,34.58658534,150.78,357.80,2.08
113.67942965,34.58658527,150.78,357.78,2.08
113.67943194,34.58658521,150.78,357.78,2.08
113.67943422,34.58658514,150.78,357.78,2.08
113.67943653,34.58658510,150.78,357.76,2.08
113.67943881,34.58658503,150.78,357.75,2.08
113.67944111,34.58658495,150.77,357.74,2.08
113.67944344,34.58658489,150.77,357.71,2.11
113.67944576,34.58658483,150.77,357.67,2.11
113.67944808,34.58658475,150.77,357.66,2.11
113.67945041,34.58658471,150.77,357.62,2.11
113.67945274,34.58658464,150.77,357.59,2.11
113.67945508,34.58658457,150.78,357.58,2.11
113.67945741,34.58658448,150.78,357.55,2.11
113.67945977,34.58658442,150.78,357.50,2.11
113.67946211,34.58658434,150.77,357.49,2.11
113.67946446,34.58658426,150.77,357.46,2.11
113.67946682,34.58658418,150.78,357.42,2.11
113.67946918,34.58658410,150.78,357.43,2.11
113.67947153,34.58658401,150.78,357.43,2.11
113.67947389,34.58658394,150.78,357.41,2.11
113.67947623,34.58658387,150.78,357.40,2.11
113.67947859,34.58658380,150.78,357.42,2.11
113.67948093,34.58658372,150.78,357.42,2.11
113.67948328,34.58658365,150.78,357.43,2.11
113.67948561,34.58658356,150.77,357.43,2.11
113.67948794,34.58658348,150.77,357.43,2.11
113.67949028,34.58658341,150.77,357.44,2.11
113.67949262,34.58658334,150.77,357.46,2.11
113.67949493,34.58658326,150.77,357.46,2.11
113.67949725,34.58658318,150.77,357.47,2.11
113.67949955,34.58658311,150.77,357.47,2.11
113.67950185,34.58658304,150.77,357.48,2.08
113.67950412,34.58658296,150.77,357.48,2.08
113.67950639,34.58658289,150.77,357.47,2.08
113.67950864,34.58658281,150.77,357.48,2.06
113.67951086,34.58658274,150.77,357.50,2.06
113.67951309,34.58658268,150.77,357.49,2.03
113.67951530,34.58658261,150.78,357.49,2.00
113.67951747,34.58658252,150.77,357.50,1.97
113.67951963,34.58658246,150.77,357.49,1.97
113.67952177,34.58658239,150.77,357.49,1.94
113.67952390,34.58658233,150.77,357.51,1.94
113.67952811,34.58658220,150.77,357.50,1.92
113.67953017,34.58658212,150.77,357.52,1.89
113.67953221,34.58658204,150.77,357.54,1.89
113.67953425,34.58658198,150.77,357.52,1.86
113.67953625,34.58658192,150.78,357.52,1.81
113.67953821,34.58658186,150.78,357.52,1.81
113.67954015,34.58658181,150.78,357.52,1.78
113.67954205,34.58658174,150.78,357.54,1.75
113.67954394,34.58658168,150.77,357.54,1.75
113.67954579,34.58658162,150.77,357.54,1.69
113.67954762,34.58658156,150.78,357.54,1.67
113.67954942,34.58658150,150.78,357.55,1.64
113.67955119,34.58658145,150.78,357.55,1.64
113.67955296,34.58658140,150.78,357.55,1.61
113.67955471,34.58658135,150.77,357.55,1.61
113.67955645,34.58658129,150.77,357.56,1.58
113.67955820,34.58658124,150.77,357.56,1.58
113.67955993,34.58658118,150.77,357.56,1.58
113.67956167,34.58658112,150.77,357.56,1.58
113.67956340,34.58658106,150.77,357.57,1.58
113.67956512,34.58658101,150.77,357.57,1.56
113.67956683,34.58658096,150.78,357.56,1.56
113.67956851,34.58658090,150.78,357.57,1.53
113.67957019,34.58658085,150.78,357.58,1.50
113.67957183,34.58658081,150.78,357.58,1.47
113.67957344,34.58658075,150.78,357.58,1.47
113.67957504,34.58658071,150.78,357.59,1.47
113.67957661,34.58658065,150.78,357.59,1.44
113.67957817,34.58658061,150.78,357.59,1.42
113.67957969,34.58658056,150.78,357.59,1.39
113.67958119,34.58658051,150.78,357.59,1.36
113.67958262,34.58658046,150.78,357.59,1.33
113.67958399,34.58658041,150.78,357.58,1.25
113.67958652,34.58658034,150.78,357.59,1.11
113.67958764,34.58658030,150.78,357.60,1.06
113.67958868,34.58658028,150.78,357.58,0.97
113.67959046,34.58658023,150.78,357.60,0.81
113.67959178,34.58658019,150.78,357.58,0.58
113.67959284,34.58658016,150.78,357.59,0.33
113.67959401,34.58658021,150.80,357.61,0.00
113.67959553,34.58658016,150.80,357.61,0.44
113.67959683,34.58658012,150.80,357.62,0.56
113.67959836,34.58658007,150.80,357.61,0.67
113.67960017,34.58658002,150.80,357.62,0.78
113.67960227,34.58657995,150.80,357.62,0.92
113.67960343,34.58657991,150.80,357.62,0.97
113.67960467,34.58657988,150.80,357.62,1.06
113.67960596,34.58657983,150.81,357.62,1.14
113.67960735,34.58657978,150.81,357.63,1.17
113.67960880,34.58657974,150.81,357.63,1.28
113.67961033,34.58657968,150.81,357.64,1.33
113.67961194,34.58657963,150.81,357.64,1.42
113.67961364,34.58657957,150.81,357.63,1.47
113.67961542,34.58657952,150.81,357.63,1.56
113.67961724,34.58657946,150.81,357.65,1.61
113.67961909,34.58657941,150.82,357.64,1.64
113.67962097,34.58657936,150.82,357.63,1.64
113.67962467,34.58657924,150.82,357.64,1.67
113.67962648,34.58657918,150.82,357.63,1.67
113.67962829,34.58657912,150.82,357.63,1.64
113.67963005,34.58657906,150.82,357.62,1.61
113.67963182,34.58657901,150.83,357.63,1.61
113.67963360,34.58657896,150.83,357.64,1.61
113.67963535,34.58657890,150.83,357.64,1.61
113.67963713,34.58657884,150.83,357.64,1.61
113.67963894,34.58657878,150.83,357.64,1.61
113.67964075,34.58657872,150.83,357.66,1.64
113.67964261,34.58657866,150.83,357.66,1.64
113.67964446,34.58657861,150.83,357.64,1.67
113.67964635,34.58657854,150.83,357.66,1.69
113.67964822,34.58657848,150.83,357.66,1.69
113.67965011,34.58657843,150.83,357.65,1.69
113.67965198,34.58657837,150.84,357.66,1.67
113.67965562,34.58657825,150.84,357.68,1.64
113.67965741,34.58657820,150.84,357.67,1.64
113.67965916,34.58657815,150.84,357.66,1.61
113.67966090,34.58657809,150.84,357.68,1.58
113.67966259,34.58657804,150.84,357.68,1.56
113.67966428,34.58657799,150.85,357.68,1.53
113.67966593,34.58657794,150.85,357.67,1.53
113.67966758,34.58657789,150.85,357.68,1.47
113.67966922,34.58657784,150.85,357.70,1.47
113.67967081,34.58657779,150.85,357.69,1.47
113.67967238,34.58657774,150.85,357.69,1.44
113.67967396,34.58657769,150.85,357.71,1.42
113.67967551,34.58657765,150.85,357.68,1.42
113.67967705,34.58657760,150.85,357.69,1.39
113.67967856,34.58657756,150.85,357.71,1.39
113.67968008,34.58657751,150.85,357.69,1.39
113.67968156,34.58657747,150.85,357.69,1.36
113.67968305,34.58657742,150.85,357.71,1.33
113.67968596,34.58657733,150.85,357.70,1.33
113.67968738,34.58657729,150.85,357.71,1.33
113.67968880,34.58657725,150.85,357.70,1.31
113.67969018,34.58657720,150.85,357.70,1.28
113.67969156,34.58657715,150.85,357.71,1.25
113.67969291,34.58657712,150.85,357.71,1.25
113.67969426,34.58657708,150.85,357.70,1.22
113.67969558,34.58657704,150.84,357.72,1.19
113.67969686,34.58657700,150.84,357.71,1.19
113.67969809,34.58657696,150.84,357.70,1.14
113.67969924,34.58657693,150.84,357.70,1.06
113.67970032,34.58657690,150.84,357.70,1.00
113.67970132,34.58657687,150.84,357.70,0.92
113.67970304,34.58657682,150.84,357.71,0.78
113.67970438,34.58657679,150.84,357.71,0.64
113.67970562,34.58657675,150.84,357.71,0.36
113.67970682,34.58657674,150.83,357.72,0.03
113.67970828,34.58657670,150.83,357.71,0.44
113.67970952,34.58657665,150.83,357.71,0.53
113.67971101,34.58657660,150.83,357.72,0.64
113.67971281,34.58657654,150.83,357.71,0.78
113.67971382,34.58657651,150.83,357.72,0.86
113.67971491,34.58657648,150.84,357.73,0.92
113.67971608,34.58657644,150.84,357.72,1.00
113.67971733,34.58657639,150.84,357.72,1.06
113.67972006,34.58657630,150.84,357.72,1.19
113.67972154,34.58657625,150.84,357.71,1.28
113.67972310,34.58657620,150.84,357.72,1.36
113.67972475,34.58657615,150.85,357.72,1.44
113.67972648,34.58657609,150.85,357.71,1.53
113.67972828,34.58657603,150.85,357.72,1.58
113.67973012,34.58657597,150.85,357.73,1.64
113.67973200,34.58657591,150.86,357.73,1.67
113.67973389,34.58657585,150.86,357.73,1.69
113.67973579,34.58657580,150.86,357.74,1.69
113.67973769,34.58657574,150.86,357.74,1.69
113.67973959,34.58657567,150.86,357.73,1.69
113.67974151,34.58657562,150.86,357.72,1.69
113.67974344,34.58657557,150.86,357.73,1.75
113.67974538,34.58657550,150.86,357.74,1.75
113.67974734,34.58657543,150.87,357.73,1.75
113.67974933,34.58657536,150.87,357.73,1.78
113.67975134,34.58657529,150.87,357.74,1.81
113.67975336,34.58657522,150.87,357.74,1.81
113.67975541,34.58657516,150.87,357.75,1.83
113.67975747,34.58657510,150.87,357.75,1.83
113.67975955,34.58657505,150.88,357.74,1.83
113.67976162,34.58657499,150.88,357.75,1.83
113.67976368,34.58657492,150.88,357.76,1.83
113.67976571,34.58657486,150.88,357.76,1.83
113.67976773,34.58657479,150.88,357.74,1.81
113.67976970,34.58657474,150.88,357.74,1.81
113.67977167,34.58657467,150.89,357.75,1.81
113.67977359,34.58657461,150.89,357.76,1.78
113.67977547,34.58657455,150.89,357.77,1.75
113.67977733,34.58657449,150.89,357.78,1.72
113.67977919,34.58657443,150.89,357.78,1.69
113.67978106,34.58657439,150.89,357.78,1.67
113.67978291,34.58657432,150.89,357.79,1.67
113.67978477,34.58657429,150.89,357.79,1.67
113.67978661,34.58657423,150.89,357.77,1.67
113.67978846,34.58657419,150.89,357.78,1.67
113.67979030,34.58657413,150.89,357.79,1.67
113.67979212,34.58657407,150.89,357.77,1.67
113.67979394,34.58657403,150.89,357.79,1.64
113.67979573,34.58657398,150.89,357.81,1.61
113.67979750,34.58657392,150.89,357.79,1.61
113.67979923,34.58657387,150.89,357.78,1.61
113.67980260,34.58657378,150.90,357.80,1.53
113.67980425,34.58657373,150.90,357.82,1.50
113.67980585,34.58657368,150.90,357.81,1.47
113.67980744,34.58657362,150.90,357.81,1.47
113.67980900,34.58657356,150.90,357.82,1.44
113.67981202,34.58657348,150.91,357.82,1.39
113.67981347,34.58657343,150.91,357.82,1.33
113.67981484,34.58657340,150.91,357.81,1.25
113.67981613,34.58657335,150.91,357.81,1.19
113.67981731,34.58657331,150.91,357.83,1.14
113.67981843,34.58657328,150.91,357.82,1.06
113.67982035,34.58657322,150.91,357.84,0.89
113.67982184,34.58657317,150.91,357.81,0.69
113.67982308,34.58657314,150.92,357.82,0.39
