113.67986973,34.58664384,150.90,87.35,0.00
113.67986975,34.58664511,150.88,87.36,0.33
113.67986983,34.58664661,150.88,87.36,0.56
113.67986989,34.58664786,150.88,87.35,0.67
113.67986998,34.58664928,150.88,87.37,0.75
113.67987007,34.58665083,150.88,87.37,0.83
113.67987017,34.58665252,150.88,87.37,0.92
113.67987028,34.58665431,150.88,87.37,0.97
113.67987039,34.58665620,150.88,87.38,1.00
113.67987050,34.58665818,150.88,87.40,1.06
113.67987056,34.58665920,150.88,87.41,1.08
113.67987061,34.58666024,150.88,87.42,1.11
113.67987067,34.58666130,150.88,87.43,1.14
113.67987072,34.58666236,150.89,87.46,1.14
113.67987078,34.58666345,150.89,87.49,1.17
113.67987084,34.58666454,150.89,87.49,1.17
113.67987090,34.58666565,150.89,87.52,1.17
113.67987094,34.58666676,150.89,87.57,1.19
113.67987099,34.58666789,150.89,87.61,1.19
113.67987105,34.58666903,150.89,87.66,1.19
113.67987111,34.58667018,150.89,87.72,1.22
113.67987116,34.58667134,150.89,87.78,1.25
113.67987121,34.58667251,150.89,87.86,1.25
113.67987127,34.58667368,150.89,87.94,1.25
113.67987132,34.58667487,150.89,88.03,1.28
113.67987137,34.58667606,150.89,88.13,1.28
113.67987142,34.58667726,150.89,88.24,1.31
113.67987146,34.58667846,150.89,88.34,1.31
113.67987150,34.58667967,150.89,88.47,1.31
113.67987154,34.58668089,150.89,88.60,1.33
113.67987158,34.58668212,150.89,88.73,1.33
113.67987161,34.58668335,150.89,88.90,1.33
113.67987164,34.58668458,150.89,89.08,1.33
113.67987167,34.58668581,150.89,89.27,1.33
113.67987170,34.58668705,150.89,89.47,1.33
113.67987170,34.58668829,150.89,89.69,1.33
113.67987172,34.58668954,150.89,89.93,1.33
113.67987172,34.58669079,150.89,90.20,1.33
113.67987171,34.58669204,150.89,90.52,1.36
113.67987168,34.58669330,150.88,90.88,1.36
113.67987167,34.58669456,150.88,91.25,1.36
113.67987163,34.58669583,150.88,91.64,1.39
113.67987159,34.58669710,150.88,92.07,1.39
113.67987155,34.58669838,150.88,92.54,1.39
113.67987146,34.58669966,150.88,93.04,1.42
113.67987139,34.58670094,150.88,93.62,1.42
113.67987130,34.58670222,150.88,94.24,1.42
113.67987117,34.58670350,150.88,94.91,1.42
113.67987105,34.58670478,150.88,95.64,1.44
113.67987090,34.58670606,150.88,96.44,1.44
113.67987074,34.58670734,150.88,97.27,1.44
113.67987056,34.58670861,150.88,98.15,1.44
113.67987034,34.58670987,150.88,99.09,1.47
113.67987011,34.58671113,150.88,100.05,1.47
113.67986985,34.58671238,150.88,101.02,1.47
113.67986958,34.58671363,150.88,102.02,1.47
113.67986928,34.58671486,150.88,103.09,1.47
113.67986895,34.58671608,150.88,104.21,1.47
113.67986858,34.58671729,150.88,105.36,1.47
113.67986820,34.58671848,150.88,106.53,1.47
113.67986779,34.58671966,150.88,107.75,1.47
113.67986735,34.58672083,150.88,109.00,1.47
113.67986688,34.58672198,150.87,110.29,1.47
113.67986639,34.58672311,150.87,111.63,1.47
113.67986585,34.58672423,150.87,113.00,1.47
113.67986530,34.58672533,150.87,114.42,1.47
113.67986472,34.58672640,150.87,115.85,1.47
113.67986409,34.58672745,150.87,117.33,1.47
113.67986347,34.58672847,150.87,118.89,1.47
113.67986281,34.58672947,150.87,120.51,1.47
113.67986141,34.58673137,150.87,123.84,1.47
113.67985997,34.58673317,150.87,127.43,1.47
113.67985839,34.58673484,150.87,130.88,1.42
113.67985674,34.58673640,150.87,134.38,1.42
113.67985497,34.58673785,150.87,137.73,1.39
113.67985315,34.58673923,150.87,141.14,1.39
113.67985122,34.58674048,150.87,144.47,1.36
113.67984924,34.58674162,150.87,147.79,1.33
113.67984823,34.58674216,150.87,149.40,1.33
113.67984720,34.58674267,150.87,151.01,1.33
113.67984616,34.58674315,150.87,152.66,1.33
113.67984513,34.58674360,150.87,154.26,1.33
113.67984407,34.58674402,150.87,155.84,1.31
113.67984303,34.58674443,150.87,157.45,1.31
113.67984195,34.58674480,150.87,158.98,1.28
113.67984087,34.58674514,150.87,160.47,1.28
113.67983975,34.58674548,150.86,161.92,1.28
113.67983865,34.58674579,150.86,163.30,1.28
113.67983752,34.58674608,150.86,164.62,1.25
113.67983637,34.58674635,150.86,165.86,1.25
113.67983518,34.58674661,150.86,167.05,1.25
113.67983399,34.58674684,150.86,168.19,1.25
113.67983278,34.58674706,150.86,169.22,1.25
113.67983153,34.58674724,150.86,170.18,1.25
113.67983030,34.58674743,150.86,171.15,1.25
113.67982903,34.58674760,150.86,172.07,1.25
113.67982775,34.58674775,150.86,172.85,1.25
113.67982645,34.58674788,150.86,173.59,1.25
113.67982514,34.58674803,150.86,174.30,1.25
113.67982381,34.58674813,150.85,174.86,1.25
113.67982246,34.58674823,150.86,175.26,1.25
113.67982109,34.58674832,150.86,175.52,1.25
113.67981971,34.58674841,150.85,175.64,1.25
113.67981829,34.58674850,150.85,175.71,1.25
113.67981688,34.58674859,150.85,175.77,1.25
113.67981549,34.58674868,150.85,175.76,1.25
113.67981408,34.58674875,150.85,175.71,1.25
113.67981270,34.58674884,150.85,175.71,1.25
113.67981135,34.58674893,150.85,175.71,1.22
113.67981002,34.58674901,150.85,175.66,1.19
113.67980874,34.58674908,150.85,175.65,1.17
113.67980751,34.58674916,150.85,175.65,1.11
113.67980628,34.58674923,150.85,175.63,1.08
113.67980513,34.58674930,150.85,175.63,1.03
113.67980402,34.58674936,150.85,175.65,1.00
113.67980198,34.58674949,150.85,175.63,0.89
113.67980021,34.58674961,150.86,175.64,0.78
113.67979869,34.58674969,150.85,175.63,0.64
113.67979746,34.58674976,150.85,175.64,0.56
113.67979626,34.58674984,150.85,175.64,0.31
113.67979503,34.58674987,150.86,175.64,0.03
113.67979369,34.58674995,150.86,175.64,0.42
113.67979246,34.58675004,150.86,175.65,0.56
113.67979099,34.58675013,150.86,175.63,0.64
113.67978932,34.58675023,150.86,175.63,0.75
113.67978747,34.58675034,150.86,175.62,0.83
113.67978544,34.58675047,150.86,175.63,0.92
113.67978437,34.58675053,150.86,175.62,0.94
113.67978326,34.58675060,150.86,175.64,0.97
113.67978212,34.58675066,150.86,175.62,1.00
113.67978095,34.58675073,150.86,175.61,1.03
113.67977976,34.58675081,150.86,175.63,1.06
113.67977854,34.58675089,150.86,175.62,1.06
113.67977729,34.58675096,150.86,175.61,1.11
113.67977603,34.58675104,150.86,175.62,1.14
113.67977473,34.58675112,150.86,175.62,1.14
113.67977342,34.58675120,150.86,175.61,1.17
113.67977208,34.58675129,150.86,175.61,1.19
113.67977073,34.58675137,150.86,175.61,1.19
113.67976936,34.58675145,150.86,175.60,1.19
113.67976799,34.58675152,150.86,175.60,1.22
113.67976659,34.58675162,150.86,175.60,1.25
113.67976518,34.58675171,150.86,175.60,1.25
113.67976377,34.58675180,150.86,175.59,1.28
113.67976235,34.58675188,150.85,175.59,1.28
113.67976091,34.58675198,150.85,175.59,1.28
113.67975946,34.58675206,150.85,175.59,1.28
113.67975800,34.58675215,150.85,175.58,1.31
113.67975654,34.58675223,150.85,175.57,1.33
113.67975507,34.58675232,150.85,175.58,1.33
113.67975358,34.58675241,150.85,175.60,1.33
113.67975208,34.58675251,150.85,175.61,1.33
113.67975057,34.58675261,150.85,175.64,1.33
113.67974906,34.58675271,150.85,175.67,1.33
113.67974754,34.58675280,150.85,175.69,1.36
113.67974600,34.58675289,150.85,175.73,1.36
113.67974446,34.58675299,150.84,175.79,1.39
113.67974292,34.58675307,150.84,175.84,1.39
113.67974135,34.58675315,150.84,175.91,1.42
113.67973977,34.58675325,150.84,176.00,1.42
113.67973818,34.58675334,150.84,176.09,1.42
113.67973659,34.58675342,150.84,176.16,1.42
113.67973498,34.58675351,150.84,176.23,1.42
113.67973337,34.58675359,150.84,176.33,1.44
113.67973176,34.58675367,150.84,176.42,1.44
113.67973014,34.58675375,150.83,176.50,1.47
113.67972853,34.58675383,150.83,176.60,1.47
113.67972691,34.58675391,150.83,176.71,1.47
113.67972367,34.58675407,150.83,176.89,1.47
113.67972205,34.58675413,150.83,176.99,1.47
113.67972041,34.58675420,150.83,177.10,1.47
113.67971878,34.58675428,150.83,177.17,1.47
113.67971714,34.58675434,150.82,177.18,1.47
113.67971550,34.58675440,150.82,177.21,1.47
113.67971384,34.58675447,150.82,177.23,1.47
113.67971219,34.58675452,150.81,177.23,1.47
113.67971054,34.58675458,150.81,177.22,1.47
113.67970887,34.58675465,150.81,177.24,1.47
113.67970723,34.58675472,150.81,177.23,1.47
113.67970559,34.58675479,150.81,177.21,1.47
113.67970399,34.58675486,150.81,177.20,1.47
113.67970241,34.58675492,150.81,177.19,1.42
113.67970083,34.58675496,150.81,177.18,1.39
113.67969932,34.58675502,150.81,177.18,1.33
113.67969788,34.58675509,150.81,177.18,1.28
113.67969652,34.58675516,150.81,177.16,1.22
113.67969525,34.58675521,150.81,177.15,1.11
113.67969406,34.58675525,150.81,177.15,1.06
113.67969203,34.58675534,150.81,177.13,0.83
113.67969048,34.58675540,150.81,177.13,0.61
113.67968928,34.58675544,150.81,177.12,0.28
113.67968796,34.58675540,150.80,177.12,0.31
113.67968690,34.58675544,150.80,177.12,0.44
113.67968560,34.58675549,150.80,177.13,0.58
113.67968407,34.58675555,150.80,177.12,0.67
113.67968236,34.58675563,150.80,177.14,0.78
113.67968045,34.58675570,150.81,177.15,0.86
113.67967943,34.58675575,150.81,177.16,0.89
113.67967836,34.58675579,150.80,177.15,0.94
113.67967724,34.58675584,150.80,177.16,1.00
113.67967608,34.58675589,150.80,177.17,1.03
113.67967488,34.58675594,150.80,177.16,1.06
113.67967363,34.58675599,150.80,177.17,1.14
113.67967233,34.58675605,150.80,177.18,1.17
113.67967099,34.58675611,150.80,177.17,1.19
113.67966960,34.58675616,150.80,177.17,1.25
113.67966817,34.58675622,150.80,177.18,1.31
113.67966669,34.58675628,150.80,177.18,1.33
113.67966516,34.58675634,150.80,177.18,1.39
113.67966359,34.58675641,150.80,177.19,1.42
113.67966198,34.58675648,150.80,177.19,1.47
113.67966031,34.58675653,150.80,177.19,1.50
113.67965860,34.58675661,150.80,177.21,1.56
113.67965684,34.58675666,150.80,177.20,1.56
113.67965506,34.58675673,150.80,177.20,1.61
113.67965322,34.58675680,150.80,177.21,1.64
113.67965136,34.58675687,150.80,177.20,1.69
113.67964945,34.58675694,150.79,177.21,1.75
113.67964752,34.58675701,150.79,177.21,1.75
113.67964556,34.58675707,150.79,177.22,1.75
113.67964359,34.58675715,150.79,177.23,1.78
113.67964160,34.58675722,150.79,177.24,1.78
113.67963960,34.58675729,150.79,177.24,1.81
113.67963760,34.58675738,150.79,177.25,1.81
113.67963559,34.58675746,150.79,177.25,1.81
113.67963357,34.58675752,150.80,177.26,1.81
113.67963154,34.58675759,150.80,177.27,1.81
113.67962950,34.58675767,150.80,177.27,1.83
113.67962746,34.58675774,150.80,177.27,1.83
113.67962539,34.58675783,150.80,177.28,1.83
113.67962332,34.58675789,150.80,177.28,1.86
113.67962124,34.58675798,150.80,177.29,1.89
113.67961914,34.58675805,150.80,177.30,1.89
113.67961703,34.58675812,150.80,177.29,1.92
113.67961490,34.58675820,150.80,177.30,1.92
113.67961275,34.58675828,150.80,177.32,1.94
113.67961060,34.58675836,150.80,177.32,1.94
113.67960843,34.58675845,150.80,177.31,1.94
113.67960625,34.58675852,150.80,177.32,1.97
113.67960405,34.58675860,150.80,177.34,1.97
113.67960184,34.58675868,150.80,177.34,1.97
113.67959962,34.58675876,150.80,177.33,2.00
113.67959738,34.58675883,150.80,177.35,2.03
113.67959512,34.58675892,150.80,177.36,2.03
113.67959286,34.58675900,150.80,177.37,2.06
113.67959059,34.58675907,150.80,177.37,2.06
113.67958831,34.58675916,150.80,177.38,2.06
113.67958602,34.58675924,150.80,177.39,2.08
113.67958372,34.58675931,150.80,177.40,2.08
113.67958140,34.58675940,150.80,177.40,2.11
113.67957907,34.58675947,150.80,177.41,2.11
113.67957673,34.58675956,150.80,177.42,2.11
113.67957438,34.58675964,150.80,177.42,2.11
113.67957084,34.58675976,150.80,177.44,2.11
113.67956966,34.58675980,150.80,177.45,2.11
113.67956729,34.58675988,150.80,177.46,2.14
113.67956490,34.58675996,150.80,177.48,2.14
113.67956252,34.58676005,150.80,177.52,2.14
113.67956013,34.58676012,150.80,177.53,2.14
113.67955774,34.58676020,150.80,177.55,2.17
113.67955533,34.58676026,150.80,177.59,2.17
113.67955294,34.58676035,150.80,177.61,2.17
113.67955055,34.58676041,150.80,177.63,2.17
113.67954817,34.58676050,150.80,177.66,2.17
113.67954579,34.58676058,150.80,177.69,2.17
113.67954342,34.58676064,150.80,177.71,2.17
113.67954107,34.58676070,150.80,177.74,2.14
113.67953872,34.58676078,150.80,177.78,2.11
113.67953638,34.58676085,150.80,177.80,2.11
113.67953406,34.58676092,150.80,177.82,2.11
113.67953174,34.58676098,150.80,177.84,2.11
113.67952710,34.58676111,150.80,177.84,2.11
113.67952479,34.58676117,150.80,177.84,2.11
113.67952248,34.58676125,150.80,177.82,2.11
113.67952018,34.58676132,150.80,177.80,2.08
113.67951789,34.58676139,150.80,177.80,2.08
113.67951561,34.58676144,150.80,177.77,2.08
113.67951332,34.58676150,150.80,177.75,2.08
113.67951105,34.58676158,150.80,177.75,2.06
113.67950878,34.58676165,150.80,177.73,2.06
113.67950652,34.58676172,150.80,177.70,2.06
113.67950426,34.58676179,150.80,177.69,2.06
113.67950200,34.58676185,150.80,177.70,2.06
113.67949976,34.58676193,150.80,177.69,2.06
113.67949751,34.58676201,150.80,177.67,2.03
113.67949527,34.58676210,150.80,177.68,2.03
113.67949303,34.58676217,150.80,177.68,2.03
113.67949079,34.58676222,150.80,177.66,2.03
113.67948856,34.58676229,150.80,177.65,2.03
113.67948633,34.58676235,150.80,177.64,2.03
113.67948411,34.58676243,150.80,177.64,2.03
113.67948188,34.58676248,150.79,177.62,2.03
113.67947967,34.58676255,150.80,177.62,2.03
113.67947747,34.58676263,150.80,177.63,2.03
113.67947526,34.58676269,150.80,177.60,2.00
113.67947304,34.58676276,150.80,177.61,2.00
113.67947085,34.58676285,150.80,177.62,2.00
113.67946864,34.58676291,150.80,177.60,2.00
113.67946535,34.58676302,150.80,177.60,2.00
113.67946426,34.58676305,150.79,177.60,1.97
113.67945988,34.58676319,150.79,177.58,1.97
113.67945769,34.58676327,150.79,177.58,1.97
113.67945552,34.58676334,150.79,177.58,1.97
113.67945334,34.58676340,150.79,177.56,1.97
113.67945118,34.58676348,150.79,177.56,1.97
113.67944903,34.58676355,150.79,177.58,1.94
113.67944686,34.58676364,150.79,177.57,1.94
113.67944363,34.58676374,150.79,177.55,1.94
113.67944254,34.58676376,150.79,177.54,1.94
113.67944039,34.58676384,150.79,177.53,1.94
113.67943822,34.58676390,150.79,177.52,1.94
113.67943605,34.58676398,150.79,177.53,1.94
113.67943388,34.58676405,150.79,177.52,1.94
113.67943170,34.58676411,150.79,177.51,1.97
113.67942950,34.58676419,150.79,177.51,1.97
113.67942728,34.58676426,150.79,177.51,1.97
113.67942506,34.58676433,150.79,177.49,2.00
113.67942284,34.58676442,150.79,177.49,2.03
113.67942060,34.58676447,150.80,177.50,2.03
113.67941835,34.58676456,150.79,177.50,2.03
113.67941609,34.58676463,150.79,177.47,2.03
113.67941382,34.58676472,150.79,177.48,2.06
113.67941153,34.58676481,150.79,177.49,2.06
113.67940924,34.58676487,150.79,177.47,2.08
113.67940694,34.58676493,150.79,177.47,2.11
113.67940462,34.58676502,150.79,177.47,2.11
113.67940228,34.58676508,150.79,177.47,2.11
113.67939995,34.58676517,150.79,177.47,2.11
113.67939759,34.58676525,150.79,177.47,2.11
113.67939523,34.58676534,150.79,177.45,2.11
113.67939285,34.58676540,150.79,177.43,2.14
113.67939047,34.58676550,150.79,177.45,2.17
113.67938807,34.58676559,150.79,177.45,2.17
113.67938568,34.58676569,150.79,177.43,2.17
113.67938327,34.58676576,150.79,177.43,2.17
113.67938086,34.58676584,150.79,177.44,2.17
113.67937844,34.58676594,150.79,177.44,2.19
113.67937601,34.58676601,150.79,177.42,2.19
113.67937357,34.58676610,150.79,177.41,2.22
113.67937113,34.58676618,150.79,177.41,2.22
113.67936868,34.58676625,150.79,177.40,2.22
113.67936621,34.58676635,150.79,177.40,2.22
113.67936375,34.58676645,150.79,177.39,2.25
113.67936128,34.58676652,150.79,177.39,2.25
113.67935883,34.58676659,150.79,177.39,2.25
113.67935638,34.58676669,150.79,177.40,2.22
113.67935393,34.58676678,150.80,177.38,2.22
113.67935150,34.58676687,150.80,177.36,2.22
113.67934906,34.58676695,150.80,177.37,2.19
113.67934664,34.58676705,150.79,177.38,2.19
113.67934423,34.58676713,150.79,177.36,2.19
113.67934183,34.58676723,150.79,177.35,2.19
113.67933945,34.58676732,150.79,177.37,2.17
113.67933707,34.58676739,150.79,177.37,2.17
113.67933471,34.58676747,150.79,177.35,2.17
113.67933237,34.58676757,150.79,177.33,2.11
113.67933004,34.58676764,150.79,177.34,2.11
113.67932771,34.58676774,150.79,177.34,2.11
113.67932538,34.58676781,150.79,177.31,2.11
113.67932307,34.58676790,150.79,177.31,2.11
113.67932075,34.58676798,150.79,177.32,2.11
113.67931843,34.58676807,150.79,177.31,2.11
113.67931612,34.58676817,150.79,177.30,2.11
113.67931382,34.58676826,150.79,177.29,2.11
113.67931151,34.58676835,150.79,177.28,2.11
113.67930920,34.58676843,150.79,177.28,2.11
113.67930690,34.58676853,150.79,177.27,2.08
113.67930460,34.58676860,150.79,177.25,2.08
113.67930231,34.58676867,150.79,177.24,2.08
113.67930002,34.58676877,150.79,177.24,2.08
113.67929773,34.58676886,150.78,177.22,2.08
113.67929545,34.58676893,150.78,177.22,2.08
113.67929316,34.58676904,150.78,177.22,2.08
113.67929088,34.58676912,150.78,177.20,2.08
113.67928861,34.58676922,150.78,177.20,2.08
113.67928634,34.58676930,150.78,177.21,2.08
113.67928407,34.58676937,150.78,177.19,2.06
113.67928179,34.58676946,150.78,177.17,2.06
113.67927954,34.58676954,150.78,177.17,2.06
113.67927728,34.58676965,150.78,177.16,2.06
113.67927502,34.58676972,150.78,177.13,2.06
113.67927276,34.58676981,150.78,177.13,2.06
113.67927050,34.58676991,150.78,177.15,2.06
113.67926825,34.58676998,150.78,177.12,2.06
113.67926600,34.58677006,150.78,177.12,2.06
113.67926376,34.58677016,150.77,177.13,2.06
113.67926152,34.58677023,150.77,177.11,2.03
113.67925929,34.58677032,150.77,177.10,2.03
113.67925706,34.58677040,150.77,177.11,2.03
113.67925482,34.58677051,150.77,177.11,2.03
113.67925259,34.58677059,150.77,177.13,2.03
113.67925036,34.58677069,150.77,177.15,2.03
113.67924812,34.58677078,150.77,177.16,2.03
113.67924589,34.58677085,150.77,177.16,2.03
113.67924365,34.58677093,150.77,177.18,2.03
113.67924141,34.58677103,150.77,177.20,2.03
113.67923916,34.58677112,150.77,177.19,2.03
113.67923693,34.58677118,150.77,177.18,2.03
113.67923469,34.58677127,150.77,177.22,2.03
113.67923246,34.58677135,150.77,177.22,2.03
113.67923021,34.58677144,150.77,177.22,2.03
113.67922797,34.58677152,150.77,177.24,2.03
113.67922342,34.58677170,150.77,177.25,2.06
113.67922115,34.58677176,150.77,177.27,2.06
113.67921884,34.58677186,150.77,177.30,2.08
113.67921653,34.58677196,150.77,177.30,2.08
113.67921423,34.58677203,150.77,177.30,2.11
113.67921191,34.58677211,150.77,177.31,2.11
113.67920726,34.58677225,150.77,177.33,2.11
113.67920492,34.58677235,150.77,177.35,2.11
113.67920258,34.58677244,150.77,177.35,2.11
113.67920024,34.58677251,150.77,177.35,2.11
113.67919789,34.58677258,150.77,177.37,2.11
113.67919553,34.58677268,150.76,177.40,2.11
113.67919317,34.58677277,150.76,177.39,2.14
113.67919079,34.58677286,150.76,177.38,2.14
113.67918841,34.58677295,150.76,177.41,2.14
113.67918603,34.58677304,150.76,177.40,2.14
113.67918364,34.58677311,150.76,177.40,2.17
113.67918125,34.58677319,150.76,177.41,2.17
113.67917884,34.58677329,150.76,177.41,2.17
113.67917644,34.58677337,150.76,177.40,2.17
113.67917403,34.58677346,150.76,177.40,2.17
113.67917161,34.58677354,150.76,177.39,2.17
113.67916920,34.58677361,150.76,177.40,2.19
113.67916677,34.58677371,150.76,177.40,2.19
113.67916435,34.58677379,150.76,177.38,2.19
113.67916192,34.58677389,150.76,177.38,2.19
113.67915948,34.58677398,150.76,177.39,2.19
113.67915705,34.58677404,150.76,177.38,2.19
113.67915461,34.58677413,150.76,177.37,2.22
113.67915216,34.58677423,150.76,177.38,2.22
113.67914973,34.58677431,150.76,177.39,2.22
113.67914728,34.58677439,150.75,177.37,2.22
113.67914482,34.58677448,150.75,177.34,2.25
113.67914236,34.58677455,150.75,177.36,2.22
113.67913989,34.58677465,150.75,177.37,2.25
113.67913743,34.58677474,150.75,177.35,2.25
113.67913497,34.58677482,150.75,177.34,2.25
113.67913249,34.58677491,150.75,177.34,2.25
113.67913001,34.58677500,150.75,177.33,2.25
113.67912755,34.58677508,150.75,177.32,2.25
113.67912508,34.58677517,150.75,177.32,2.25
113.67912259,34.58677526,150.75,177.31,2.25
113.67912010,34.58677535,150.75,177.30,2.25
113.67911759,34.58677544,150.75,177.29,2.25
113.67911509,34.58677553,150.75,177.30,2.25
113.67911258,34.58677563,150.75,177.29,2.25
113.67911008,34.58677571,150.75,177.28,2.28
113.67910756,34.58677581,150.75,177.28,2.25
113.67910505,34.58677590,150.75,177.28,2.25
113.67910256,34.58677598,150.75,177.28,2.25
113.67909883,34.58677611,150.75,177.27,2.25
113.67909759,34.58677616,150.75,177.26,2.25
113.67909512,34.58677624,150.75,177.26,2.25
113.67909264,34.58677634,150.74,177.26,2.25
113.67909018,34.58677643,150.74,177.25,2.25
113.67908771,34.58677653,150.74,177.25,2.25
113.67908524,34.58677663,150.74,177.24,2.22
113.67908279,34.58677672,150.74,177.24,2.22
113.67908034,34.58677681,150.74,177.23,2.22
113.67907790,34.58677690,150.74,177.22,2.22
113.67907548,34.58677698,150.74,177.21,2.19
113.67907307,34.58677706,150.74,177.21,2.19
113.67907067,34.58677715,150.74,177.21,2.19
113.67906827,34.58677725,150.74,177.21,2.17
113.67906589,34.58677735,150.74,177.24,2.17
113.67906353,34.58677742,150.75,177.28,2.14
113.67906116,34.58677751,150.74,177.31,2.14
113.67905881,34.58677760,150.74,177.35,2.11
113.67905646,34.58677770,150.74,177.40,2.11
113.67905412,34.58677778,150.74,177.46,2.11
113.67905178,34.58677785,150.74,177.52,2.11
113.67904945,34.58677792,150.74,177.59,2.11
113.67904714,34.58677799,150.74,177.71,2.11
113.67904481,34.58677808,150.74,177.83,2.11
113.67904251,34.58677814,150.74,177.97,2.11
113.67904020,34.58677820,150.74,178.12,2.11
113.67903792,34.58677825,150.74,178.27,2.08
113.67903563,34.58677830,150.74,178.43,2.08
113.67903335,34.58677836,150.74,178.62,2.06
113.67903109,34.58677841,150.74,178.82,2.06
113.67902883,34.58677844,150.74,179.03,2.06
113.67902657,34.58677848,150.74,179.27,2.06
113.67902432,34.58677850,150.73,179.51,2.06
113.67902207,34.58677851,150.73,179.74,2.06
113.67901984,34.58677851,150.74,180.02,2.03
113.67901761,34.58677851,150.73,180.33,2.03
113.67901540,34.58677849,150.73,180.65,2.03
113.67901318,34.58677847,150.73,180.99,2.03
113.67901097,34.58677845,150.73,181.37,2.00
113.67900877,34.58677840,150.73,181.74,2.00
113.67900660,34.58677834,150.73,182.12,1.97
113.67900442,34.58677828,150.73,182.56,1.97
113.67900223,34.58677820,150.73,182.97,1.97
113.67900005,34.58677810,150.73,183.44,1.97
113.67899787,34.58677800,150.73,184.01,1.97
113.67899571,34.58677787,150.73,184.61,1.97
113.67899357,34.58677771,150.73,185.24,1.97
113.67899142,34.58677755,150.73,185.95,1.97
113.67898928,34.58677737,150.73,186.70,1.97
113.67898717,34.58677717,150.73,187.48,1.97
113.67898508,34.58677694,150.73,188.31,1.97
113.67898298,34.58677670,150.73,189.21,1.97
113.67898090,34.58677642,150.73,190.16,1.97
113.67897886,34.58677610,150.73,191.13,1.94
113.67897683,34.58677575,150.73,192.14,1.94
113.67897479,34.58677540,150.72,193.20,1.94
113.67897279,34.58677500,150.72,194.32,1.94
113.67897079,34.58677459,150.72,195.43,1.94
113.67896880,34.58677412,150.72,196.50,1.94
113.67896686,34.58677363,150.72,197.60,1.94
113.67896493,34.58677311,150.72,198.72,1.94
113.67896299,34.58677257,150.72,199.81,1.94
113.67896108,34.58677200,150.72,200.89,1.94
113.67895918,34.58677142,150.72,201.98,1.94
113.67895732,34.58677078,150.72,203.08,1.92
113.67895546,34.58677012,150.72,204.16,1.92
113.67895182,34.58676872,150.72,206.43,1.92
113.67895001,34.58676798,150.72,207.59,1.92
113.67894825,34.58676721,150.72,208.75,1.92
113.67894649,34.58676641,150.72,209.94,1.92
113.67894478,34.58676557,150.72,211.12,1.92
113.67894305,34.58676472,150.72,212.30,1.92
113.67894138,34.58676384,150.73,213.49,1.92
113.67893971,34.58676293,150.73,214.70,1.92
113.67893810,34.58676200,150.73,215.96,1.92
113.67893651,34.58676104,150.73,217.24,1.92
113.67893493,34.58676004,150.73,218.54,1.92
113.67893338,34.58675903,150.73,219.93,1.92
113.67893186,34.58675799,150.73,221.35,1.92
113.67893041,34.58675692,150.73,222.76,1.92
113.67892900,34.58675582,150.73,224.24,1.92
113.67892759,34.58675470,150.73,225.72,1.92
113.67892626,34.58675353,150.73,227.14,1.92
113.67892496,34.58675235,150.73,228.55,1.89
113.67892366,34.58675114,150.73,229.99,1.89
113.67892243,34.58674991,150.73,231.38,1.89
113.67892121,34.58674865,150.73,232.74,1.89
113.67892002,34.58674737,150.73,234.15,1.89
113.67891890,34.58674607,150.73,235.56,1.89
113.67891783,34.58674475,150.73,236.89,1.89
113.67891676,34.58674340,150.73,238.22,1.89
113.67891575,34.58674203,150.73,239.56,1.89
113.67891476,34.58674064,150.73,240.87,1.89
113.67891383,34.58673924,150.73,242.15,1.89
113.67891290,34.58673781,150.73,243.41,1.89
113.67891205,34.58673638,150.73,244.64,1.89
113.67891121,34.58673491,150.73,245.83,1.89
113.67891040,34.58673342,150.73,247.02,1.89
113.67890962,34.58673192,150.73,248.21,1.89
113.67890891,34.58673042,150.73,249.35,1.89
113.67890823,34.58672889,150.73,250.45,1.89
113.67890755,34.58672734,150.73,251.54,1.89
113.67890696,34.58672578,150.74,252.61,1.89
113.67890636,34.58672421,150.74,253.64,1.89
113.67890582,34.58672263,150.74,254.68,1.89
113.67890531,34.58672104,150.74,255.74,1.89
113.67890480,34.58671943,150.74,256.77,1.89
113.67890434,34.58671781,150.74,257.76,1.89
113.67890393,34.58671618,150.74,258.78,1.89
113.67890353,34.58671453,150.74,259.78,1.89
113.67890319,34.58671287,150.74,260.71,1.92
113.67890288,34.58671119,150.74,261.66,1.94
113.67890256,34.58670950,150.74,262.61,1.94
113.67890230,34.58670780,150.74,263.54,1.94
113.67890207,34.58670608,150.74,264.48,1.94
113.67890188,34.58670436,150.75,265.45,1.94
113.67890171,34.58670261,150.75,266.39,1.97
113.67890158,34.58670086,150.75,267.32,1.97
113.67890149,34.58669910,150.75,268.29,1.97
113.67890143,34.58669734,150.75,269.24,1.97
113.67890140,34.58669555,150.75,270.19,2.00
113.67890142,34.58669377,150.75,271.14,2.03
113.67890146,34.58669196,150.75,272.07,2.03
113.67890157,34.58669015,150.75,272.96,2.03
113.67890168,34.58668832,150.75,273.86,2.06
113.67890184,34.58668649,150.75,274.72,2.06
113.67890213,34.58668372,150.75,275.93,2.08
113.67890249,34.58668094,150.75,277.17,2.08
113.67890279,34.58667908,150.75,277.94,2.08
113.67890312,34.58667723,150.75,278.68,2.08
113.67890346,34.58667536,150.75,279.46,2.11
113.67890385,34.58667349,150.75,280.24,2.11
113.67890426,34.58667161,150.75,281.01,2.11
113.67890471,34.58666975,150.75,281.81,2.11
113.67890518,34.58666787,150.75,282.64,2.14
113.67890570,34.58666600,150.75,283.48,2.14
113.67890624,34.58666412,150.75,284.33,2.17
113.67890683,34.58666225,150.75,285.19,2.17
113.67890746,34.58666039,150.75,286.07,2.17
113.67890811,34.58665853,150.75,286.94,2.17
113.67890881,34.58665667,150.75,287.83,2.17
113.67890954,34.58665481,150.75,288.77,2.17
113.67891031,34.58665297,150.75,289.77,2.19
113.67891111,34.58665112,150.75,290.77,2.19
113.67891195,34.58664930,150.75,291.78,2.19
113.67891283,34.58664748,150.75,292.85,2.22
113.67891376,34.58664567,150.75,293.94,2.22
113.67891473,34.58664390,150.75,295.04,2.22
113.67891574,34.58664213,150.75,296.20,2.22
113.67891678,34.58664037,150.75,297.36,2.22
113.67891788,34.58663865,150.75,298.51,2.22
113.67891904,34.58663694,150.75,299.70,2.22
113.67892020,34.58663527,150.75,300.93,2.22
113.67892141,34.58663359,150.75,302.15,2.22
113.67892265,34.58663195,150.75,303.37,2.22
113.67892394,34.58663034,150.75,304.66,2.22
113.67892666,34.58662721,150.75,307.27,2.22
113.67892807,34.58662568,150.75,308.60,2.22
113.67892951,34.58662417,150.75,309.98,2.22
113.67893099,34.58662272,150.75,311.38,2.22
113.67893252,34.58662129,150.75,312.80,2.22
113.67893409,34.58661990,150.75,314.27,2.22
113.67893730,34.58661727,150.75,317.24,2.17
113.67893895,34.58661604,150.75,318.71,2.17
113.67894062,34.58661481,150.76,320.23,2.17
113.67894233,34.58661363,150.75,321.70,2.14
113.67894407,34.58661252,150.75,323.15,2.14
113.67894582,34.58661144,150.75,324.65,2.11
113.67894762,34.58661039,150.75,326.13,2.11
113.67894943,34.58660940,150.75,327.60,2.11
113.67895127,34.58660844,150.75,329.05,2.11
113.67895314,34.58660751,150.75,330.51,2.11
113.67895503,34.58660661,150.75,331.98,2.11
113.67895693,34.58660579,150.75,333.39,2.08
113.67895887,34.58660499,150.76,334.77,2.08
113.67896081,34.58660423,150.76,336.14,2.08
113.67896274,34.58660355,150.75,337.49,2.08
113.67896472,34.58660286,150.76,338.80,2.06
113.67896669,34.58660224,150.76,340.10,2.03
113.67896868,34.58660165,150.75,341.41,2.03
113.67897068,34.58660112,150.75,342.68,2.03
113.67897270,34.58660061,150.75,343.90,2.03
113.67897470,34.58660015,150.75,345.13,2.00
113.67897674,34.58659968,150.75,346.32,2.00
113.67897878,34.58659925,150.75,347.45,2.00
113.67898081,34.58659889,150.75,348.59,2.00
113.67898286,34.58659856,150.75,349.69,2.00
113.67898493,34.58659825,150.75,350.73,1.97
113.67898699,34.58659800,150.75,351.77,1.97
113.67898907,34.58659774,150.75,352.78,1.94
113.67899113,34.58659754,150.76,353.72,1.94
113.67899322,34.58659734,150.76,354.61,1.94
113.67899530,34.58659718,150.76,355.47,1.94
113.67899737,34.58659706,150.76,356.25,1.94
113.67899946,34.58659695,150.76,356.94,1.94
113.67900155,34.58659685,150.76,357.59,1.94
113.67900363,34.58659678,150.76,358.16,1.94
113.67900571,34.58659674,150.76,358.62,1.94
113.67900783,34.58659669,150.76,358.94,1.92
113.67900993,34.58659668,150.76,359.17,1.92
113.67901206,34.58659666,150.76,359.33,1.92
113.67901415,34.58659666,150.76,359.42,1.92
113.67901625,34.58659665,150.76,359.44,1.92
113.67901838,34.58659663,150.76,359.46,1.92
113.67902157,34.58659659,150.76,359.44,1.92
113.67902261,34.58659660,150.76,359.41,1.92
113.67902471,34.58659660,150.76,359.39,1.92
113.67902683,34.58659658,150.76,359.37,1.92
113.67902893,34.58659657,150.76,359.34,1.92
113.67903105,34.58659654,150.77,359.29,1.92
113.67903316,34.58659653,150.76,359.25,1.92
113.67903530,34.58659651,150.76,359.22,1.92
113.67903742,34.58659651,150.76,359.19,1.94
113.67903957,34.58659648,150.76,359.14,1.94
113.67904174,34.58659645,150.76,359.10,1.94
113.67904390,34.58659643,150.76,359.07,1.94
113.67904607,34.58659641,150.76,359.02,1.94
113.67904827,34.58659638,150.76,358.94,1.97
113.67905045,34.58659637,150.76,358.89,1.97
113.67905267,34.58659633,150.76,358.83,1.97
113.67905488,34.58659629,150.77,358.74,2.00
113.67905709,34.58659627,150.77,358.66,2.00
113.67906154,34.58659618,150.77,358.46,2.00
113.67906377,34.58659612,150.77,358.35,2.00
113.67906600,34.58659607,150.77,358.25,2.00
113.67906823,34.58659603,150.77,358.17,2.03
113.67907046,34.58659599,150.76,358.07,2.03
113.67907270,34.58659594,150.76,357.96,2.03
113.67907497,34.58659586,150.76,357.85,2.03
113.67907724,34.58659578,150.76,357.74,2.03
113.67907950,34.58659573,150.76,357.62,2.06
113.67908177,34.58659567,150.76,357.50,2.06
113.67908405,34.58659559,150.76,357.39,2.06
113.67908635,34.58659551,150.76,357.29,2.06
113.67908863,34.58659542,150.76,357.20,2.08
113.67909092,34.58659534,150.76,357.07,2.08
113.67909323,34.58659524,150.77,356.96,2.08
113.67909553,34.58659516,150.77,356.87,2.08
113.67909784,34.58659506,150.77,356.74,2.08
113.67910016,34.58659496,150.77,356.63,2.11
113.67910249,34.58659484,150.77,356.54,2.11
113.67910481,34.58659473,150.77,356.45,2.11
113.67910714,34.58659460,150.77,356.36,2.11
113.67910948,34.58659448,150.77,356.30,2.11
113.67911181,34.58659437,150.77,356.26,2.11
113.67911415,34.58659425,150.77,356.24,2.11
113.67911649,34.58659412,150.77,356.25,2.11
113.67911883,34.58659399,150.77,356.26,2.11
113.67912235,34.58659381,150.77,356.29,2.11
113.67912352,34.58659374,150.77,356.31,2.11
113.67912587,34.58659364,150.77,356.37,2.11
113.67912823,34.58659351,150.77,356.43,2.11
113.67913059,34.58659341,150.76,356.50,2.11
113.67913296,34.58659328,150.76,356.56,2.11
113.67913534,34.58659316,150.77,356.63,2.14
113.67913771,34.58659307,150.77,356.69,2.14
113.67914008,34.58659297,150.77,356.76,2.14
113.67914247,34.58659285,150.77,356.82,2.14
113.67914485,34.58659276,150.77,356.88,2.14
113.67914723,34.58659267,150.77,356.93,2.14
113.67914962,34.58659257,150.77,356.98,2.14
113.67915200,34.58659247,150.77,357.02,2.14
113.67915438,34.58659239,150.77,357.05,2.17
113.67915677,34.58659228,150.77,357.08,2.17
113.67915917,34.58659218,150.77,357.12,2.17
113.67916156,34.58659209,150.77,357.16,2.17
113.67916396,34.58659201,150.77,357.19,2.17
113.67916636,34.58659193,150.77,357.24,2.17
113.67916878,34.58659184,150.77,357.28,2.17
113.67917119,34.58659176,150.77,357.30,2.19
113.67917361,34.58659166,150.77,357.32,2.19
113.67917602,34.58659158,150.77,357.34,2.19
113.67917844,34.58659150,150.77,357.35,2.19
113.67918086,34.58659141,150.77,357.37,2.19
113.67918328,34.58659133,150.77,357.40,2.19
113.67918569,34.58659125,150.78,357.41,2.19
113.67918811,34.58659115,150.77,357.43,2.19
113.67919054,34.58659107,150.77,357.45,2.19
113.67919297,34.58659098,150.77,357.45,2.19
113.67919540,34.58659091,150.77,357.45,2.19
113.67919784,34.58659082,150.77,357.47,2.22
113.67920026,34.58659075,150.77,357.46,2.22
113.67920393,34.58659060,150.77,357.46,2.22
113.67920516,34.58659056,150.77,357.46,2.22
113.67920760,34.58659047,150.78,357.47,2.22
113.67921002,34.58659040,150.78,357.47,2.22
113.67921244,34.58659032,150.78,357.49,2.22
113.67921487,34.58659022,150.78,357.48,2.22
113.67921728,34.58659015,150.78,357.48,2.22
113.67921972,34.58659006,150.78,357.50,2.22
113.67922214,34.58658999,150.78,357.49,2.22
113.67922457,34.58658991,150.78,357.48,2.22
113.67922701,34.58658983,150.78,357.49,2.22
113.67922944,34.58658974,150.78,357.50,2.22
113.67923188,34.58658966,150.78,357.51,2.22
113.67923429,34.58658958,150.78,357.51,2.19
113.67923669,34.58658951,150.78,357.52,2.19
113.67923908,34.58658944,150.78,357.52,2.17
113.67924147,34.58658935,150.78,357.53,2.17
113.67924383,34.58658927,150.78,357.51,2.14
113.67924620,34.58658920,150.78,357.50,2.14
113.67924854,34.58658913,150.78,357.52,2.14
113.67925089,34.58658904,150.78,357.53,2.11
113.67925322,34.58658896,150.78,357.52,2.11
113.67925551,34.58658889,150.78,357.53,2.11
113.67925780,34.58658882,150.78,357.54,2.08
113.67926234,34.58658868,150.78,357.54,2.06
113.67926461,34.58658860,150.78,357.54,2.06
113.67926686,34.58658853,150.78,357.52,2.06
113.67926912,34.58658845,150.78,357.54,2.03
113.67927135,34.58658838,150.78,357.54,2.03
113.67927361,34.58658830,150.78,357.51,2.03
113.67927586,34.58658822,150.78,357.50,2.03
113.67927811,34.58658815,150.78,357.52,2.03
113.67928032,34.58658808,150.78,357.52,2.03
113.67928253,34.58658800,150.79,357.51,2.00
113.67928473,34.58658791,150.79,357.50,1.97
113.67928691,34.58658784,150.79,357.50,1.97
113.67928909,34.58658776,150.79,357.49,1.97
113.67929124,34.58658770,150.79,357.47,1.97
113.67929341,34.58658763,150.79,357.47,1.94
113.67929554,34.58658756,150.78,357.48,1.94
113.67929770,34.58658748,150.78,357.46,1.94
113.67929982,34.58658740,150.78,357.46,1.94
113.67930196,34.58658731,150.78,357.46,1.94
113.67930408,34.58658724,150.78,357.46,1.94
113.67930620,34.58658718,150.77,357.44,1.94
113.67930834,34.58658710,150.77,357.43,1.94
113.67931045,34.58658703,150.77,357.43,1.92
113.67931256,34.58658696,150.78,357.44,1.92
113.67931465,34.58658689,150.78,357.42,1.92
113.67931676,34.58658681,150.78,357.41,1.89
113.67931886,34.58658673,150.78,357.42,1.89
113.67932093,34.58658666,150.78,357.39,1.89
113.67932299,34.58658659,150.78,357.38,1.89
113.67932508,34.58658650,150.78,357.41,1.89
113.67932714,34.58658642,150.78,357.40,1.89
113.67932922,34.58658634,150.78,357.37,1.89
113.67933129,34.58658627,150.78,357.38,1.89
113.67933338,34.58658619,150.78,357.38,1.89
113.67933547,34.58658612,150.78,357.37,1.89
113.67933758,34.58658604,150.78,357.36,1.89
113.67933971,34.58658596,150.78,357.34,1.92
113.67934184,34.58658588,150.78,357.34,1.92
113.67934399,34.58658582,150.78,357.33,1.94
113.67934616,34.58658573,150.78,357.33,1.94
113.67934834,34.58658564,150.78,357.34,1.97
113.67935052,34.58658556,150.78,357.33,1.97
113.67935272,34.58658547,150.78,357.34,1.97
113.67935490,34.58658538,150.78,357.33,1.97
113.67935710,34.58658529,150.79,357.30,1.97
113.67935929,34.58658522,150.79,357.30,2.00
113.67936152,34.58658514,150.79,357.31,2.00
113.67936375,34.58658506,150.79,357.30,2.03
113.67936598,34.58658498,150.79,357.30,2.03
113.67936823,34.58658489,150.78,357.30,2.03
113.67937048,34.58658480,150.79,357.29,2.03
113.67937274,34.58658472,150.79,357.29,2.03
113.67937499,34.58658464,150.79,357.29,2.03
113.67937724,34.58658455,150.79,357.27,2.03
113.67937946,34.58658447,150.79,357.28,2.03
113.67938168,34.58658437,150.79,357.30,2.00
113.67938388,34.58658428,150.79,357.29,1.97
113.67938605,34.58658420,150.79,357.28,1.97
113.67938820,34.58658413,150.79,357.29,1.94
113.67939034,34.58658405,150.79,357.30,1.94
113.67939247,34.58658398,150.79,357.30,1.94
113.67939460,34.58658388,150.79,357.33,1.94
113.67939671,34.58658380,150.79,357.34,1.94
113.67939882,34.58658372,150.79,357.33,1.92
113.67940092,34.58658366,150.79,357.35,1.92
113.67940303,34.58658358,150.79,357.38,1.92
113.67940514,34.58658350,150.79,357.38,1.92
113.67940726,34.58658342,150.79,357.39,1.92
113.67940936,34.58658336,150.80,357.44,1.92
113.67941149,34.58658328,150.79,357.48,1.92
113.67941362,34.58658321,150.80,357.52,1.92
113.67941575,34.58658312,150.80,357.56,1.92
113.67941787,34.58658304,150.80,357.60,1.94
113.67941999,34.58658298,150.80,357.65,1.94
113.67942426,34.58658286,150.79,357.76,1.94
113.67942639,34.58658279,150.79,357.81,1.94
113.67942850,34.58658274,150.80,357.85,1.94
113.67943062,34.58658267,150.80,357.92,1.94
113.67943275,34.58658262,150.79,357.99,1.94
113.67943488,34.58658256,150.79,358.02,1.94
113.67943700,34.58658252,150.79,358.08,1.94
113.67943915,34.58658247,150.79,358.16,1.94
113.67944345,34.58658234,150.79,358.25,1.94
113.67944559,34.58658228,150.79,358.29,1.94
113.67944774,34.58658223,150.79,358.32,1.94
113.67944989,34.58658220,150.78,358.32,1.94
113.67945204,34.58658217,150.78,358.36,1.94
113.67945420,34.58658211,150.79,358.40,1.94
113.67945636,34.58658206,150.79,358.39,1.94
113.67945851,34.58658201,150.79,358.40,1.94
113.67946068,34.58658198,150.79,358.44,1.94
113.67946284,34.58658192,150.79,358.46,1.94
113.67946500,34.58658188,150.79,358.46,1.94
113.67946717,34.58658182,150.79,358.47,1.94
113.67946933,34.58658177,150.79,358.51,1.94
113.67947150,34.58658173,150.79,358.52,1.94
113.67947366,34.58658170,150.79,358.51,1.94
113.67947582,34.58658165,150.79,358.53,1.94
113.67947799,34.58658162,150.79,358.55,1.94
113.67948015,34.58658158,150.79,358.55,1.94
113.67948231,34.58658153,150.79,358.56,1.97
113.67948447,34.58658149,150.79,358.56,1.97
113.67948664,34.58658145,150.79,358.56,1.94
113.67948880,34.58658140,150.79,358.57,1.94
113.67949097,34.58658135,150.79,358.56,1.94
113.67949315,34.58658131,150.79,358.54,1.94
113.67949533,34.58658127,150.79,358.53,1.94
113.67949750,34.58658123,150.79,358.53,1.94
113.67949968,34.58658119,150.79,358.52,1.94
113.67950186,34.58658115,150.79,358.49,1.94
113.67950403,34.58658110,150.79,358.47,1.97
113.67950621,34.58658105,150.79,358.46,1.97
113.67950839,34.58658101,150.79,358.45,1.97
113.67951056,34.58658096,150.79,358.43,1.97
113.67951273,34.58658091,150.79,358.42,1.97
113.67951491,34.58658086,150.79,358.41,1.94
113.67951708,34.58658081,150.79,358.37,1.94
113.67951925,34.58658077,150.79,358.36,1.94
113.67952143,34.58658073,150.79,358.35,1.94
113.67952360,34.58658068,150.79,358.32,1.94
113.67952687,34.58658060,150.79,358.29,1.94
113.67952796,34.58658057,150.79,358.28,1.94
113.67953014,34.58658052,150.79,358.26,1.97
113.67953231,34.58658046,150.79,358.27,1.97
113.67953448,34.58658040,150.79,358.25,1.97
113.67953665,34.58658035,150.79,358.22,1.97
113.67953880,34.58658030,150.79,358.20,1.94
113.67954095,34.58658025,150.79,358.19,1.94
113.67954309,34.58658019,150.79,358.16,1.94
113.67954522,34.58658014,150.79,358.13,1.94
113.67954734,34.58658008,150.79,358.12,1.92
113.67954945,34.58658003,150.79,358.09,1.89
113.67955154,34.58657998,150.79,358.07,1.89
113.67955359,34.58657991,150.79,358.07,1.86
113.67955562,34.58657986,150.79,358.06,1.83
113.67955761,34.58657981,150.79,358.04,1.81
113.67955957,34.58657975,150.79,358.03,1.78
113.67956150,34.58657970,150.79,358.04,1.75
113.67956340,34.58657966,150.79,358.03,1.72
113.67956526,34.58657961,150.79,358.02,1.67
113.67956709,34.58657956,150.79,358.04,1.67
113.67956891,34.58657950,150.79,358.04,1.64
113.67957071,34.58657946,150.79,358.03,1.64
113.67957251,34.58657941,150.79,358.05,1.64
113.67957431,34.58657935,150.79,358.06,1.64
113.67957609,34.58657931,150.79,358.06,1.64
113.67957786,34.58657927,150.79,358.07,1.61
113.67957963,34.58657921,150.79,358.09,1.61
113.67958138,34.58657917,150.79,358.08,1.61
113.67958312,34.58657912,150.80,358.08,1.53
113.67958484,34.58657908,150.80,358.09,1.53
113.67958652,34.58657904,150.80,358.10,1.53
113.67958818,34.58657901,150.80,358.08,1.50
113.67958982,34.58657897,150.80,358.09,1.47
113.67959144,34.58657892,150.80,358.11,1.47
113.67959303,34.58657889,150.80,358.11,1.44
113.67959460,34.58657885,150.80,358.11,1.42
113.67959615,34.58657880,150.80,358.12,1.39
113.67959766,34.58657877,150.80,358.12,1.39
113.67959915,34.58657873,150.80,358.12,1.33
113.67960058,34.58657870,150.80,358.14,1.28
113.67960194,34.58657866,150.80,358.15,1.19
113.67960323,34.58657863,150.80,358.13,1.14
113.67960443,34.58657860,150.80,358.14,1.06
113.67960555,34.58657857,150.80,358.16,1.00
113.67960659,34.58657855,150.81,358.14,0.92
113.67960835,34.58657851,150.81,358.15,0.72
113.67960964,34.58657848,150.81,358.14,0.53
113.67961064,34.58657850,150.81,358.15,0.00
113.67961205,34.58657843,150.81,358.14,0.36
113.67961314,34.58657840,150.81,358.15,0.50
113.67961453,34.58657837,150.81,358.15,0.58
113.67961609,34.58657832,150.81,358.15,0.69
113.67961781,34.58657828,150.81,358.13,0.78
113.67961968,34.58657824,150.81,358.14,0.86
113.67962164,34.58657818,150.82,358.16,0.89
113.67962269,34.58657815,150.82,358.16,0.92
113.67962377,34.58657813,150.82,358.14,0.92
113.67962486,34.58657810,150.82,358.16,0.97
113.67962595,34.58657806,150.82,358.18,0.97
113.67962710,34.58657803,150.82,358.15,1.00
113.67962823,34.58657800,150.82,358.15,1.00
113.67962941,34.58657797,150.82,358.17,1.03
113.67963059,34.58657795,150.82,358.17,1.06
113.67963179,34.58657791,150.82,358.15,1.08
113.67963304,34.58657788,150.82,358.16,1.08
113.67963429,34.58657785,150.83,358.18,1.11
113.67963554,34.58657781,150.83,358.17,1.11
113.67963682,34.58657778,150.83,358.16,1.11
113.67963808,34.58657774,150.83,358.18,1.14
113.67963940,34.58657770,150.83,358.19,1.14
113.67964069,34.58657766,150.83,358.19,1.17
113.67964203,34.58657763,150.83,358.18,1.17
113.67964468,34.58657754,150.83,358.20,1.19
113.67964602,34.58657750,150.83,358.19,1.19
113.67964741,34.58657747,150.83,358.19,1.19
113.67964879,34.58657743,150.84,358.21,1.19
113.67965016,34.58657739,150.84,358.21,1.22
113.67965156,34.58657735,150.84,358.19,1.22
113.67965294,34.58657731,150.84,358.21,1.22
113.67965435,34.58657727,150.84,358.23,1.25
113.67965576,34.58657724,150.84,358.21,1.25
113.67965715,34.58657721,150.85,358.19,1.25
113.67965855,34.58657716,150.85,358.21,1.25
113.67965995,34.58657712,150.85,358.21,1.25
113.67966138,34.58657709,150.85,358.20,1.28
113.67966281,34.58657705,150.85,358.22,1.28
113.67966423,34.58657701,150.85,358.21,1.28
113.67966567,34.58657698,150.86,358.20,1.28
113.67966710,34.58657694,150.86,358.22,1.28
113.67966856,34.58657690,150.86,358.23,1.31
113.67967002,34.58657686,150.86,358.22,1.31
113.67967147,34.58657682,150.86,358.23,1.31
113.67967292,34.58657677,150.86,358.25,1.31
113.67967440,34.58657674,150.86,358.23,1.31
113.67967588,34.58657671,150.86,358.22,1.31
113.67967735,34.58657666,150.86,358.24,1.33
113.67967884,34.58657663,150.86,358.23,1.33
113.67968031,34.58657659,150.86,358.22,1.33
113.67968182,34.58657656,150.86,358.24,1.33
113.67968330,34.58657652,150.86,358.24,1.33
113.67968480,34.58657650,150.86,358.22,1.33
113.67968775,34.58657641,150.86,358.24,1.33
113.67968924,34.58657638,150.86,358.23,1.33
113.67969071,34.58657635,150.86,358.23,1.33
113.67969212,34.58657630,150.86,358.24,1.31
113.67969352,34.58657627,150.86,358.23,1.28
113.67969492,34.58657624,150.86,358.24,1.25
113.67969627,34.58657620,150.86,358.25,1.22
113.67969761,34.58657617,150.86,358.24,1.17
113.67970007,34.58657612,150.87,358.23,1.06
113.67970118,34.58657609,150.87,358.24,1.00
113.67970219,34.58657606,150.87,358.23,0.92
113.67970401,34.58657602,150.87,358.23,0.72
113.67970528,34.58657600,150.87,358.21,0.53
113.67970635,34.58657609,150.82,358.22,0.00
113.67970765,34.58657607,150.82,358.22,0.36
113.67970874,34.58657604,150.82,358.22,0.50
113.67971006,34.58657601,150.82,358.22,0.58
113.67971239,34.58657596,150.82,358.21,0.69
113.67971415,34.58657592,150.82,358.23,0.78
113.67971604,34.58657587,150.83,358.23,0.83
113.67971803,34.58657582,150.83,358.22,0.86
113.67971906,34.58657579,150.83,358.22,0.92
113.67972013,34.58657576,150.83,358.24,0.92
113.67972123,34.58657574,150.83,358.23,0.97
113.67972234,34.58657571,150.83,358.22,1.00
113.67972348,34.58657568,150.83,358.23,1.00
113.67972463,34.58657565,150.83,358.22,1.00
113.67972580,34.58657562,150.83,358.21,1.03
113.67972700,34.58657559,150.84,358.21,1.06
113.67972821,34.58657556,150.84,358.21,1.06
113.67972944,34.58657553,150.84,358.21,1.08
113.67973069,34.58657549,150.84,358.23,1.11
113.67973195,34.58657546,150.84,358.22,1.11
113.67973322,34.58657543,150.84,358.21,1.14
113.67973451,34.58657539,150.84,358.22,1.14
113.67973580,34.58657536,150.84,358.22,1.14
113.67973711,34.58657532,150.84,358.21,1.17
113.67973841,34.58657529,150.84,358.22,1.17
113.67973974,34.58657525,150.84,358.23,1.17
113.67974109,34.58657523,150.84,358.22,1.19
113.67974244,34.58657519,150.84,358.22,1.19
113.67974655,34.58657507,150.84,358.22,1.22
113.67974794,34.58657503,150.85,358.23,1.22
113.67974933,34.58657500,150.85,358.22,1.25
113.67975073,34.58657497,150.85,358.20,1.25
113.67975213,34.58657492,150.85,358.22,1.25
113.67975353,34.58657488,150.85,358.22,1.25
113.67975494,34.58657484,150.85,358.21,1.25
113.67975635,34.58657480,150.85,358.20,1.25
113.67975777,34.58657477,150.85,358.21,1.25
113.67975919,34.58657474,150.85,358.21,1.28
113.67976061,34.58657471,150.86,358.20,1.28
113.67976203,34.58657467,150.86,358.21,1.28
113.67976345,34.58657462,150.86,358.22,1.28
113.67976489,34.58657459,150.86,358.21,1.28
113.67976632,34.58657455,150.86,358.22,1.28
113.67976775,34.58657451,150.86,358.21,1.28
113.67976919,34.58657447,150.86,358.20,1.28
113.67977063,34.58657443,150.87,358.21,1.31
113.67977351,34.58657436,150.86,358.20,1.31
113.67977495,34.58657431,150.87,358.21,1.31
113.67977639,34.58657426,150.87,358.23,1.31
113.67977784,34.58657422,150.87,358.21,1.31
113.67977929,34.58657417,150.87,358.21,1.31
113.67978073,34.58657413,150.87,358.22,1.31
113.67978218,34.58657409,150.87,358.22,1.31
113.67978362,34.58657405,150.88,358.22,1.31
113.67978507,34.58657401,150.88,358.22,1.31
113.67978797,34.58657393,150.88,358.22,1.33
113.67978944,34.58657389,150.88,358.22,1.33
113.67979089,34.58657385,150.88,358.22,1.33
113.67979236,34.58657382,150.88,358.22,1.33
113.67979383,34.58657377,150.88,358.23,1.33
113.67979528,34.58657374,150.89,358.23,1.33
113.67979674,34.58657370,150.89,358.21,1.33
113.67979822,34.58657365,150.89,358.21,1.33
113.67979969,34.58657362,150.89,358.22,1.33
113.67980117,34.58657358,150.90,358.20,1.33
113.67980265,34.58657354,150.90,358.23,1.33
113.67980412,34.58657350,150.90,358.24,1.33
113.67980558,34.58657346,150.90,358.22,1.33
113.67980705,34.58657341,150.90,358.23,1.33
113.67980855,34.58657337,150.91,358.24,1.33
113.67980999,34.58657334,150.91,358.21,1.33
113.67981146,34.58657331,150.91,358.24,1.33
113.67981287,34.58657327,150.91,358.25,1.31
113.67981430,34.58657324,150.91,358.23,1.28
113.67981568,34.58657320,150.91,358.23,1.28
113.67981704,34.58657315,150.91,358.24,1.25
113.67981842,34.58657314,150.92,358.23,1.22
113.67981979,34.58657311,150.92,358.22,1.22
113.67982111,34.58657306,150.92,358.23,1.19
113.67982240,34.58657302,150.92,358.22,1.17
113.67982371,34.58657301,150.92,358.22,1.11
113.67982487,34.58657297,150.92,358.24,1.06
113.67982601,34.58657296,150.92,358.23,0.97
113.67982705,34.58657295,150.92,358.22,0.86
113.67982867,34.58657291,150.92,358.23,0.69
113.67982991,34.58657289,150.92,358.23,0.50
113.67983106,34.58657291,150.92,358.23,0.17
