113.67977165,34.58657025,150.86,359.38,0.00
113.67977579,34.58657024,150.88,1.11,0.58
113.67977724,34.58657025,150.88,2.26,0.69
113.67977962,34.58657033,150.88,4.42,0.78
113.67978133,34.58657044,150.88,6.06,0.86
113.67978313,34.58657059,150.88,7.90,0.89
113.67978499,34.58657081,150.89,9.86,0.97
113.67978689,34.58657108,150.89,11.91,1.00
113.67978883,34.58657142,150.89,14.10,1.00
113.67979183,34.58657207,150.89,17.51,1.06
113.67979383,34.58657260,150.89,19.92,1.11
113.67979486,34.58657291,150.89,21.14,1.11
113.67979587,34.58657323,150.89,22.36,1.11
113.67979787,34.58657393,150.90,24.88,1.14
113.67979986,34.58657470,150.90,27.39,1.14
113.67980180,34.58657555,150.90,29.95,1.14
113.67980369,34.58657647,150.90,32.50,1.17
113.67980557,34.58657746,150.90,35.07,1.17
113.67981083,34.58658084,150.91,42.84,1.17
113.67981244,34.58658208,150.92,45.50,1.17
113.67981400,34.58658342,150.92,48.19,1.17
113.67981618,34.58658552,150.92,52.30,1.19
113.67981756,34.58658700,150.92,55.03,1.19
113.67981883,34.58658857,150.92,57.80,1.19
113.67982006,34.58659019,150.92,60.58,1.19
113.67982120,34.58659187,150.92,63.29,1.19
113.67982226,34.58659362,150.92,65.95,1.19
113.67982323,34.58659543,150.93,68.46,1.22
113.67982415,34.58659735,150.93,70.75,1.22
113.67982539,34.58660034,150.93,73.57,1.22
113.67982577,34.58660138,150.93,74.38,1.22
113.67982614,34.58660242,150.93,75.17,1.22
113.67982683,34.58660456,150.93,76.60,1.25
113.67982717,34.58660563,150.93,77.31,1.25
113.67982748,34.58660673,150.93,78.00,1.25
113.67982776,34.58660784,150.93,78.69,1.25
113.67982804,34.58660894,150.93,79.39,1.25
113.67982830,34.58661007,150.93,80.07,1.28
113.67982855,34.58661120,150.93,80.72,1.28
113.67982878,34.58661236,150.93,81.36,1.28
113.67982900,34.58661351,150.93,81.97,1.31
113.67983006,34.58662075,150.93,84.90,1.33
113.67983019,34.58662199,150.93,85.29,1.33
113.67983032,34.58662324,150.93,85.62,1.36
113.67983042,34.58662450,150.93,85.94,1.36
113.67983083,34.58662959,150.93,86.74,1.39
113.67983090,34.58663087,150.93,86.86,1.39
113.67983097,34.58663217,150.93,86.95,1.39
113.67983112,34.58663477,150.93,87.04,1.42
113.67983126,34.58663740,150.93,87.11,1.42
113.67983134,34.58663873,150.93,87.15,1.42
113.67983140,34.58664006,150.93,87.17,1.44
113.67983158,34.58664274,150.94,87.22,1.44
113.67983169,34.58664545,150.93,87.25,1.47
113.67983177,34.58664680,150.93,87.27,1.47
113.67983186,34.58664818,150.93,87.31,1.47
113.67983194,34.58664955,150.93,87.31,1.47
113.67983202,34.58665094,150.93,87.32,1.47
113.67983210,34.58665232,150.93,87.35,1.47
113.67983255,34.58666074,150.93,87.48,1.53
113.67983259,34.58666215,150.93,87.49,1.53
113.67983267,34.58666358,150.93,87.51,1.53
113.67983271,34.58666500,150.93,87.53,1.53
113.67983283,34.58666786,150.93,87.56,1.56
113.67983290,34.58666930,150.93,87.58,1.56
113.67983306,34.58667364,150.93,87.65,1.56
113.67983313,34.58667510,150.93,87.68,1.58
113.67983317,34.58667655,150.93,87.70,1.58
113.67983325,34.58667799,150.93,87.72,1.58
113.67983329,34.58667943,150.93,87.75,1.58
113.67983336,34.58668086,150.93,87.77,1.58
113.67983347,34.58668368,150.93,87.80,1.56
113.67983354,34.58668507,150.93,87.82,1.53
113.67983356,34.58668645,150.93,87.84,1.53
113.67983366,34.58668916,150.93,87.89,1.47
113.67983370,34.58669048,150.93,87.89,1.47
113.67983377,34.58669302,150.93,87.94,1.39
113.67983386,34.58669537,150.93,87.97,1.28
113.67983397,34.58669838,150.92,88.01,1.06
113.67983401,34.58670002,150.92,88.01,0.86
113.67983404,34.58670137,150.92,88.04,0.75
113.67983404,34.58670245,150.92,88.04,0.58
113.67983401,34.58670383,150.92,88.07,0.22
113.67983404,34.58670503,150.91,88.10,0.17
113.67983406,34.58670616,150.91,88.12,0.39
113.67983412,34.58670719,150.91,88.12,0.50
113.67983416,34.58670832,150.91,88.14,0.56
113.67983425,34.58671000,150.91,88.17,0.58
113.67983428,34.58671109,150.91,88.18,0.58
113.67983436,34.58671249,150.90,88.20,0.50
113.67983444,34.58671362,150.90,88.21,0.28
113.67983429,34.58671480,150.87,88.32,0.14
113.67983438,34.58671680,150.87,88.88,0.56
113.67983440,34.58672181,150.87,92.48,0.89
113.67983431,34.58672346,150.87,94.15,0.97
113.67983415,34.58672516,150.87,96.05,1.00
113.67983377,34.58672781,150.87,99.22,1.08
113.67983340,34.58672961,150.87,101.55,1.11
113.67983294,34.58673140,150.87,104.17,1.14
113.67983238,34.58673317,150.87,106.93,1.17
113.67983134,34.58673578,150.87,111.35,1.19
113.67983005,34.58673831,150.87,115.91,1.22
113.67982906,34.58673997,150.86,118.94,1.22
113.67982799,34.58674157,150.86,122.03,1.22
113.67982483,34.58674534,150.86,129.59,1.22
113.67982265,34.58674742,150.86,134.16,1.22
113.67982109,34.58674873,150.86,137.24,1.22
113.67981858,34.58675057,150.86,141.83,1.22
113.67981682,34.58675170,150.86,144.88,1.22
113.67981404,34.58675325,150.86,149.51,1.22
113.67981211,34.58675418,150.86,152.56,1.22
113.67980910,34.58675541,150.86,157.18,1.22
113.67980703,34.58675612,150.85,160.26,1.22
113.67980597,34.58675644,150.85,161.79,1.22
113.67980489,34.58675673,150.86,163.33,1.22
113.67980383,34.58675700,150.86,164.85,1.22
113.67980277,34.58675723,150.86,166.31,1.22
113.67980173,34.58675744,150.86,167.76,1.19
113.67979972,34.58675778,150.86,170.58,1.14
113.67979683,34.58675813,150.86,174.56,1.06
113.67979495,34.58675827,150.86,176.81,1.00
113.67979307,34.58675836,150.86,178.60,0.97
113.67978865,34.58675840,150.86,180.68,0.75
113.67978589,34.58675837,150.86,181.03,0.56
113.67978286,34.58675830,150.86,181.05,0.31
113.67978163,34.58675828,150.86,180.98,0.25
113.67978030,34.58675825,150.87,180.95,0.00
113.67977900,34.58675823,150.87,180.95,0.36
113.67977629,34.58675819,150.87,180.93,0.64
113.67977462,34.58675816,150.87,180.92,0.72
113.67977274,34.58675813,150.87,180.88,0.83
113.67976851,34.58675806,150.87,180.83,0.97
113.67976618,34.58675802,150.87,180.75,1.03
113.67976497,34.58675801,150.87,180.72,1.06
113.67976373,34.58675800,150.87,180.68,1.06
113.67976248,34.58675798,150.87,180.63,1.11
113.67975719,34.58675793,150.86,180.45,1.19
113.67975447,34.58675790,150.86,180.34,1.19
113.67975026,34.58675785,150.86,180.15,1.25
113.67974884,34.58675784,150.86,180.10,1.28
113.67974740,34.58675784,150.86,180.03,1.28
113.67974596,34.58675784,150.86,179.96,1.28
113.67974301,34.58675782,150.85,179.83,1.33
113.67974004,34.58675780,150.85,179.70,1.33
113.67973852,34.58675781,150.85,179.64,1.33
113.67973702,34.58675781,150.85,179.57,1.33
113.67973549,34.58675781,150.85,179.51,1.36
113.67973397,34.58675780,150.84,179.44,1.36
113.67973242,34.58675781,150.84,179.37,1.39
113.67973089,34.58675781,150.84,179.30,1.39
113.67972775,34.58675783,150.84,179.16,1.39
113.67972618,34.58675784,150.84,179.08,1.42
113.67972297,34.58675787,150.83,178.94,1.44
113.67971972,34.58675790,150.83,178.80,1.47
113.67971807,34.58675793,150.83,178.73,1.47
113.67971641,34.58675795,150.83,178.65,1.47
113.67970791,34.58675809,150.82,178.43,1.53
113.67970619,34.58675812,150.82,178.41,1.53
113.67970104,34.58675819,150.82,178.37,1.56
113.67969760,34.58675825,150.81,178.34,1.56
113.67969417,34.58675834,150.81,178.34,1.56
113.67969074,34.58675839,150.82,178.29,1.53
113.67968904,34.58675843,150.81,178.31,1.53
113.67968732,34.58675845,150.81,178.30,1.53
113.67968561,34.58675848,150.81,178.27,1.53
113.67968390,34.58675850,150.81,178.27,1.53
113.67968220,34.58675855,150.81,178.27,1.53
113.67968048,34.58675857,150.81,178.25,1.53
113.67967876,34.58675862,150.81,178.25,1.53
113.67967356,34.58675871,150.81,178.18,1.56
113.67967184,34.58675875,150.81,178.13,1.56
113.67967012,34.58675879,150.81,178.09,1.56
113.67966667,34.58675887,150.81,178.01,1.56
113.67966496,34.58675892,150.81,177.97,1.56
113.67966325,34.58675896,150.80,177.93,1.56
113.67965985,34.58675905,150.80,177.80,1.53
113.67965815,34.58675909,150.80,177.77,1.53
113.67965645,34.58675913,150.80,177.72,1.53
113.67965476,34.58675918,150.80,177.68,1.53
113.67965305,34.58675922,150.80,177.65,1.53
113.67965136,34.58675928,150.80,177.63,1.53
113.67964965,34.58675932,150.79,177.60,1.53
113.67964795,34.58675937,150.79,177.56,1.53
113.67964624,34.58675942,150.79,177.55,1.53
113.67963782,34.58675969,150.79,177.46,1.53
113.67963450,34.58675979,150.79,177.40,1.50
113.67963285,34.58675984,150.79,177.39,1.50
113.67963120,34.58675990,150.79,177.37,1.50
113.67962792,34.58676002,150.79,177.31,1.47
113.67962628,34.58676008,150.79,177.32,1.47
113.67962464,34.58676013,150.79,177.33,1.47
113.67962301,34.58676018,150.79,177.36,1.47
113.67961975,34.58676028,150.79,177.41,1.47
113.67961814,34.58676034,150.79,177.46,1.47
113.67961652,34.58676038,150.79,177.50,1.47
113.67961491,34.58676043,150.79,177.55,1.47
113.67961171,34.58676053,150.79,177.66,1.47
113.67960853,34.58676061,150.79,177.78,1.44
113.67960382,34.58676073,150.79,178.00,1.42
113.67960228,34.58676077,150.79,178.09,1.42
113.67960075,34.58676080,150.79,178.15,1.39
113.67959923,34.58676084,150.79,178.20,1.39
113.67959771,34.58676087,150.79,178.26,1.39
113.67959621,34.58676090,150.79,178.31,1.36
113.67958749,34.58676106,150.79,178.35,1.28
113.67958609,34.58676108,150.79,178.35,1.28
113.67958471,34.58676112,150.79,178.33,1.28
113.67957958,34.58676121,150.79,178.30,1.06
113.67957849,34.58676123,150.79,178.30,1.00
113.67957581,34.58676128,150.79,178.29,0.75
113.67957453,34.58676130,150.78,178.28,0.56
113.67957326,34.58676132,150.78,178.28,0.28
113.67956952,34.58676133,150.79,178.27,0.56
113.67956800,34.58676137,150.79,178.26,0.67
113.67956538,34.58676143,150.80,178.23,0.78
113.67956344,34.58676147,150.80,178.22,0.86
113.67956241,34.58676149,150.80,178.21,0.86
113.67956136,34.58676152,150.80,178.21,0.92
113.67956027,34.58676155,150.80,178.20,0.92
113.67955915,34.58676157,150.80,178.19,0.97
113.67955800,34.58676159,150.80,178.19,1.00
113.67955683,34.58676162,150.80,178.20,1.00
113.67955185,34.58676174,150.80,178.18,1.14
113.67955052,34.58676176,150.80,178.16,1.17
113.67954916,34.58676180,150.80,178.16,1.19
113.67954635,34.58676186,150.80,178.14,1.25
113.67954488,34.58676189,150.80,178.14,1.28
113.67954337,34.58676193,150.80,178.11,1.33
113.67954183,34.58676196,150.80,178.11,1.36
113.67953187,34.58676221,150.80,178.07,1.53
113.67953014,34.58676225,150.80,178.06,1.53
113.67952840,34.58676228,150.80,178.05,1.56
113.67952664,34.58676233,150.80,178.06,1.56
113.67952488,34.58676237,150.80,178.04,1.58
113.67951951,34.58676251,150.80,178.01,1.61
113.67951590,34.58676260,150.80,177.98,1.61
113.67951409,34.58676264,150.80,177.99,1.61
113.67951227,34.58676269,150.80,177.97,1.64
113.67951046,34.58676272,150.80,177.95,1.64
113.67950866,34.58676277,150.80,177.96,1.64
113.67950687,34.58676281,150.81,177.96,1.64
113.67950508,34.58676286,150.81,177.94,1.64
113.67950154,34.58676294,150.81,177.93,1.61
113.67949978,34.58676298,150.81,177.92,1.61
113.67949449,34.58676313,150.80,177.89,1.61
113.67949272,34.58676316,150.80,177.86,1.61
113.67949093,34.58676322,150.80,177.86,1.61
113.67948553,34.58676336,150.81,177.82,1.61
113.67948372,34.58676340,150.80,177.83,1.61
113.67948009,34.58676349,150.80,177.84,1.64
113.67947826,34.58676353,150.80,177.88,1.64
113.67947643,34.58676358,150.80,177.88,1.64
113.67947458,34.58676362,150.80,177.89,1.64
113.67947274,34.58676368,150.80,177.94,1.64
113.67947088,34.58676372,150.81,177.94,1.67
113.67946344,34.58676389,150.80,178.03,1.69
113.67945776,34.58676403,150.80,178.11,1.72
113.67945389,34.58676412,150.80,178.14,1.75
113.67944798,34.58676427,150.80,178.18,1.78
113.67944395,34.58676436,150.80,178.17,1.81
113.67943780,34.58676451,150.80,178.17,1.83
113.67943575,34.58676454,150.80,178.17,1.83
113.67943369,34.58676459,150.80,178.15,1.83
113.67943164,34.58676462,150.80,178.17,1.83
113.67942552,34.58676477,150.80,178.15,1.83
113.67942148,34.58676486,150.81,178.16,1.81
113.67941947,34.58676490,150.81,178.16,1.81
113.67941744,34.58676496,150.81,178.15,1.81
113.67941542,34.58676500,150.80,178.16,1.81
113.67941338,34.58676506,150.81,178.17,1.83
113.67941134,34.58676510,150.80,178.17,1.83
113.67940307,34.58676528,150.80,178.15,1.86
113.67939676,34.58676544,150.80,178.15,1.89
113.67939464,34.58676548,150.80,178.14,1.89
113.67939251,34.58676554,150.80,178.15,1.92
113.67939038,34.58676557,150.80,178.17,1.94
113.67938185,34.58676577,150.80,178.15,1.94
113.67937974,34.58676583,150.80,178.15,1.92
113.67937765,34.58676587,150.80,178.15,1.92
113.67937555,34.58676593,150.80,178.14,1.89
113.67937347,34.58676597,150.80,178.12,1.89
113.67937139,34.58676602,150.80,178.13,1.89
113.67936932,34.58676605,150.80,178.13,1.89
113.67936726,34.58676611,150.80,178.13,1.89
113.67936109,34.58676623,150.80,178.13,1.86
113.67935704,34.58676632,150.80,178.13,1.83
113.67935504,34.58676638,150.80,178.13,1.81
113.67935304,34.58676641,150.80,178.12,1.81
113.67935104,34.58676646,150.80,178.11,1.81
113.67934905,34.58676650,150.80,178.13,1.81
113.67933898,34.58676673,150.80,178.14,1.83
113.67933492,34.58676682,150.80,178.11,1.83
113.67933087,34.58676691,150.80,178.11,1.83
113.67932682,34.58676700,150.80,178.10,1.83
113.67932072,34.58676713,150.80,178.12,1.83
113.67931664,34.58676723,150.80,178.11,1.83
113.67931460,34.58676729,150.80,178.10,1.83
113.67931255,34.58676732,150.80,178.07,1.83
113.67931050,34.58676737,150.80,178.07,1.83
113.67930845,34.58676741,150.80,178.09,1.83
113.67930436,34.58676753,150.80,178.04,1.83
113.67930028,34.58676761,150.80,178.07,1.83
113.67929621,34.58676771,150.79,178.05,1.83
113.67929417,34.58676777,150.79,178.06,1.83
113.67929213,34.58676781,150.79,178.03,1.83
113.67929009,34.58676787,150.79,178.01,1.83
113.67928804,34.58676791,150.79,178.03,1.83
113.67928392,34.58676803,150.79,178.01,1.83
113.67927561,34.58676821,150.79,177.99,1.89
113.67927351,34.58676827,150.79,177.98,1.89
113.67927139,34.58676831,150.79,178.00,1.92
113.67926928,34.58676838,150.79,177.97,1.92
113.67926716,34.58676842,150.79,177.96,1.92
113.67925639,34.58676871,150.78,177.97,1.97
113.67924975,34.58676887,150.78,177.95,2.00
113.67924751,34.58676894,150.78,177.96,2.00
113.67924298,34.58676906,150.78,177.93,2.03
113.67923608,34.58676921,150.78,177.89,2.08
113.67923376,34.58676929,150.78,177.92,2.11
113.67922909,34.58676941,150.78,177.90,2.11
113.67922437,34.58676952,150.78,177.91,2.14
113.67922199,34.58676958,150.78,177.90,2.14
113.67921719,34.58676974,150.78,177.89,2.17
113.67921478,34.58676979,150.78,177.87,2.19
113.67921237,34.58676984,150.78,177.86,2.19
113.67920754,34.58676997,150.78,177.85,2.17
113.67920513,34.58677005,150.78,177.86,2.17
113.67920272,34.58677009,150.78,177.85,2.17
113.67920032,34.58677016,150.78,177.83,2.17
113.67919794,34.58677020,150.78,177.82,2.17
113.67918845,34.58677048,150.78,177.84,2.17
113.67918374,34.58677061,150.78,177.82,2.14
113.67917904,34.58677073,150.78,177.87,2.14
113.67917670,34.58677080,150.78,177.86,2.14
113.67917201,34.58677092,150.78,177.88,2.11
113.67916501,34.58677109,150.78,177.90,2.11
113.67916269,34.58677117,150.78,177.93,2.11
113.67915804,34.58677128,150.78,177.95,2.11
113.67915570,34.58677132,150.78,177.97,2.11
113.67915337,34.58677139,150.78,177.98,2.11
113.67914867,34.58677152,150.78,178.00,2.11
113.67914156,34.58677167,150.77,178.03,2.14
113.67913918,34.58677174,150.77,178.05,2.14
113.67913680,34.58677180,150.77,178.07,2.14
113.67913442,34.58677187,150.77,178.08,2.17
113.67912963,34.58677197,150.77,178.08,2.17
113.67912723,34.58677202,150.77,178.09,2.17
113.67912484,34.58677209,150.77,178.11,2.17
113.67911273,34.58677237,150.77,178.16,2.19
113.67911032,34.58677244,150.77,178.17,2.19
113.67910789,34.58677249,150.77,178.18,2.19
113.67910547,34.58677254,150.77,178.18,2.19
113.67910062,34.58677265,150.76,178.21,2.19
113.67909579,34.58677276,150.76,178.22,2.19
113.67909338,34.58677281,150.76,178.25,2.19
113.67909099,34.58677287,150.76,178.25,2.19
113.67908859,34.58677292,150.76,178.26,2.17
113.67908621,34.58677298,150.76,178.29,2.17
113.67908383,34.58677302,150.76,178.29,2.14
113.67908147,34.58677308,150.76,178.29,2.14
113.67907675,34.58677317,150.76,178.31,2.14
113.67907441,34.58677322,150.75,178.32,2.14
113.67906973,34.58677330,150.76,178.33,2.11
113.67906742,34.58677336,150.76,178.35,2.11
113.67906510,34.58677339,150.76,178.38,2.11
113.67906281,34.58677344,150.76,178.38,2.08
113.67906051,34.58677348,150.76,178.40,2.08
113.67905824,34.58677354,150.76,178.41,2.08
113.67904708,34.58677371,150.75,178.65,2.03
113.67904272,34.58677378,150.75,178.77,1.97
113.67903840,34.58677383,150.75,178.92,1.97
113.67903628,34.58677386,150.75,179.01,1.94
113.67903415,34.58677387,150.75,179.10,1.94
113.67902785,34.58677393,150.75,179.48,1.89
113.67902161,34.58677393,150.75,180.00,1.89
113.67901957,34.58677392,150.75,180.22,1.89
113.67901752,34.58677390,150.75,180.47,1.89
113.67901549,34.58677389,150.75,180.73,1.86
113.67901345,34.58677386,150.75,181.02,1.83
113.67900946,34.58677377,150.75,181.70,1.83
113.67900745,34.58677371,150.75,182.09,1.83
113.67900349,34.58677357,150.75,182.96,1.81
113.67900149,34.58677348,150.75,183.47,1.81
113.67899953,34.58677337,150.75,184.00,1.81
113.67899560,34.58677312,150.75,185.15,1.81
113.67898978,34.58677259,150.75,187.16,1.81
113.67898205,34.58677163,150.74,190.47,1.81
113.67898014,34.58677133,150.74,191.39,1.81
113.67897821,34.58677100,150.74,192.30,1.81
113.67897630,34.58677066,150.74,193.21,1.83
113.67897437,34.58677029,150.74,194.16,1.83
113.67897056,34.58676944,150.74,196.10,1.86
113.67896864,34.58676898,150.74,197.09,1.86
113.67896485,34.58676797,150.74,199.15,1.89
113.67896295,34.58676742,150.74,200.20,1.89
113.67896108,34.58676685,150.74,201.32,1.89
113.67895921,34.58676625,150.74,202.43,1.89
113.67895735,34.58676560,150.74,203.53,1.89
113.67895368,34.58676424,150.74,205.84,1.89
113.67895006,34.58676274,150.74,208.22,1.92
113.67894652,34.58676112,150.74,210.82,1.94
113.67894308,34.58675937,150.74,213.46,1.94
113.67894139,34.58675847,150.74,214.87,1.94
113.67893975,34.58675752,150.74,216.26,1.94
113.67893812,34.58675654,150.75,217.68,1.94
113.67892908,34.58674998,150.75,226.33,1.94
113.67892636,34.58674754,150.75,229.22,1.94
113.67892504,34.58674628,150.75,230.65,1.94
113.67892254,34.58674368,150.75,233.54,1.94
113.67892022,34.58674097,150.75,236.38,1.94
113.67891803,34.58673819,150.75,239.26,1.94
113.67891700,34.58673676,150.75,240.67,1.94
113.67891602,34.58673531,150.75,242.08,1.94
113.67891510,34.58673385,150.75,243.47,1.94
113.67891421,34.58673236,150.75,244.85,1.94
113.67891337,34.58673086,150.75,246.22,1.94
113.67891179,34.58672781,150.75,248.86,1.94
113.67891108,34.58672627,150.75,250.15,1.94
113.67890919,34.58672154,150.75,253.78,1.94
113.67890863,34.58671995,150.75,254.94,1.94
113.67890811,34.58671834,150.75,256.06,1.94
113.67890764,34.58671672,150.76,257.17,1.94
113.67890680,34.58671344,150.76,259.37,1.92
113.67890644,34.58671179,150.76,260.40,1.92
113.67890610,34.58671014,150.76,261.43,1.92
113.67890554,34.58670681,150.76,263.48,1.92
113.67890513,34.58670345,150.76,265.47,1.92
113.67890497,34.58670176,150.76,266.44,1.92
113.67890485,34.58670007,150.76,267.37,1.92
113.67890476,34.58669837,150.76,268.31,1.92
113.67890470,34.58669667,150.76,269.25,1.92
113.67890490,34.58668807,150.76,273.22,1.94
113.67890516,34.58668459,150.76,274.55,1.94
113.67890574,34.58667935,150.76,276.25,1.94
113.67890623,34.58667585,150.76,277.34,1.94
113.67890713,34.58667060,150.76,279.16,1.94
113.67890746,34.58666885,150.76,279.83,1.94
113.67890783,34.58666711,150.76,280.57,1.94
113.67890824,34.58666537,150.76,281.32,1.94
113.67890867,34.58666363,150.76,282.11,1.97
113.67891012,34.58665844,150.76,284.77,1.97
113.67891192,34.58665332,150.76,287.78,2.00
113.67891257,34.58665164,150.76,288.84,2.00
113.67891326,34.58664996,150.76,289.94,2.00
113.67891400,34.58664831,150.76,291.07,2.00
113.67891479,34.58664666,150.76,292.22,2.00
113.67891561,34.58664503,150.76,293.38,2.00
113.67892031,34.58663708,150.76,299.38,2.03
113.67892136,34.58663554,150.76,300.63,2.03
113.67892474,34.58663105,150.76,304.42,2.03
113.67892852,34.58662674,150.76,308.24,2.03
113.67893122,34.58662397,150.77,310.81,2.06
113.67893263,34.58662263,150.77,312.13,2.06
113.67893409,34.58662131,150.77,313.45,2.06
113.67893558,34.58662002,150.76,314.75,2.06
113.67893711,34.58661876,150.77,316.06,2.06
113.67893865,34.58661753,150.77,317.42,2.06
113.67894187,34.58661516,150.77,320.17,2.06
113.67894352,34.58661403,150.77,321.52,2.08
113.67894694,34.58661186,150.77,324.27,2.08
113.67895047,34.58660980,150.76,327.06,2.08
113.67895228,34.58660884,150.76,328.44,2.08
113.67895413,34.58660790,150.77,329.80,2.08
113.67895791,34.58660615,150.77,332.55,2.08
113.67895984,34.58660533,150.77,333.93,2.08
113.67896775,34.58660245,150.77,339.26,2.08
113.67896978,34.58660182,150.77,340.54,2.08
113.67897180,34.58660124,150.77,341.81,2.08
113.67897385,34.58660070,150.77,343.07,2.08
113.67897590,34.58660019,150.77,344.30,2.06
113.67898423,34.58659849,150.76,348.75,2.03
113.67898844,34.58659784,150.77,350.74,2.03
113.67899266,34.58659731,150.77,352.44,2.00
113.67899479,34.58659708,150.77,353.22,1.97
113.67899901,34.58659671,150.77,354.64,1.97
113.67900113,34.58659655,150.77,355.27,1.97
113.67900537,34.58659630,150.77,356.33,1.94
113.67900965,34.58659610,150.77,357.13,1.94
113.67901179,34.58659602,150.77,357.46,1.94
113.67901392,34.58659595,150.77,357.76,1.94
113.67901606,34.58659589,150.77,358.02,1.94
113.67902033,34.58659577,150.77,358.44,1.94
113.67902459,34.58659570,150.77,358.73,1.94
113.67903098,34.58659562,150.77,359.05,1.94
113.67903312,34.58659560,150.77,359.09,1.94
113.67903525,34.58659558,150.77,359.14,1.94
113.67903738,34.58659555,150.77,359.15,1.94
113.67903953,34.58659554,150.77,359.14,1.94
113.67904818,34.58659545,150.77,359.05,1.94
113.67905255,34.58659542,150.77,359.01,1.97
113.67905693,34.58659537,150.77,358.94,1.97
113.67905913,34.58659532,150.77,358.90,1.97
113.67906134,34.58659529,150.77,358.85,1.97
113.67906575,34.58659522,150.78,358.77,2.00
113.67906797,34.58659520,150.77,358.74,2.00
113.67907243,34.58659512,150.77,358.66,2.03
113.67907467,34.58659509,150.77,358.61,2.03
113.67907692,34.58659504,150.77,358.56,2.03
113.67907919,34.58659500,150.77,358.51,2.03
113.67908145,34.58659495,150.77,358.44,2.03
113.67908373,34.58659492,150.77,358.35,2.03
113.67908828,34.58659480,150.77,358.21,2.06
113.67909288,34.58659469,150.78,358.01,2.06
113.67909518,34.58659463,150.78,357.92,2.06
113.67910213,34.58659444,150.78,357.64,2.11
113.67910444,34.58659435,150.78,357.56,2.11
113.67910678,34.58659427,150.78,357.47,2.11
113.67910910,34.58659419,150.78,357.38,2.11
113.67912083,34.58659376,150.78,357.07,2.11
113.67912553,34.58659358,150.78,357.03,2.11
113.67912789,34.58659348,150.78,357.01,2.11
113.67913979,34.58659301,150.77,357.01,2.17
113.67914456,34.58659281,150.78,357.02,2.17
113.67914695,34.58659271,150.78,357.05,2.17
113.67914934,34.58659263,150.78,357.08,2.17
113.67915172,34.58659253,150.78,357.11,2.17
113.67915412,34.58659245,150.78,357.14,2.17
113.67916615,34.58659199,150.78,357.27,2.17
113.67917104,34.58659183,150.78,357.33,2.19
113.67917350,34.58659174,150.78,357.36,2.22
113.67917596,34.58659165,150.78,357.39,2.25
113.67917844,34.58659157,150.78,357.39,2.25
113.67918339,34.58659139,150.78,357.42,2.25
113.67919346,34.58659105,150.77,357.41,2.28
113.67919855,34.58659088,150.77,357.44,2.31
113.67920110,34.58659079,150.77,357.44,2.31
113.67920367,34.58659070,150.77,357.43,2.31
113.67921652,34.58659026,150.78,357.49,2.33
113.67922168,34.58659009,150.77,357.56,2.33
113.67922425,34.58659001,150.77,357.57,2.33
113.67922683,34.58658992,150.77,357.59,2.33
113.67922940,34.58658984,150.77,357.63,2.33
113.67923197,34.58658976,150.77,357.66,2.33
113.67924225,34.58658944,150.78,357.75,2.33
113.67924736,34.58658929,150.78,357.80,2.33
113.67924993,34.58658922,150.77,357.84,2.33
113.67925248,34.58658914,150.77,357.86,2.33
113.67925758,34.58658900,150.77,357.88,2.31
113.67926523,34.58658880,150.77,357.92,2.31
113.67926778,34.58658872,150.77,357.95,2.31
113.67927034,34.58658865,150.77,357.99,2.31
113.67927290,34.58658857,150.77,357.98,2.31
113.67927547,34.58658851,150.77,357.99,2.31
113.67927805,34.58658844,150.77,358.01,2.31
113.67928062,34.58658839,150.77,358.02,2.33
113.67929339,34.58658805,150.77,358.07,2.31
113.67929594,34.58658800,150.77,358.09,2.31
113.67930104,34.58658785,150.77,358.09,2.31
113.67930360,34.58658777,150.76,358.08,2.31
113.67930616,34.58658771,150.76,358.08,2.31
113.67931895,34.58658738,150.77,358.06,2.31
113.67932406,34.58658724,150.77,358.07,2.31
113.67932659,34.58658717,150.77,358.05,2.31
113.67932913,34.58658709,150.77,358.03,2.31
113.67933167,34.58658704,150.77,358.02,2.31
113.67933420,34.58658696,150.77,358.04,2.31
113.67933927,34.58658683,150.77,358.00,2.31
113.67934181,34.58658677,150.77,357.97,2.31
113.67934435,34.58658670,150.77,357.98,2.31
113.67934689,34.58658663,150.77,357.97,2.31
113.67934943,34.58658657,150.77,357.92,2.31
113.67935198,34.58658650,150.77,357.94,2.31
113.67935451,34.58658641,150.77,357.93,2.31
113.67935705,34.58658634,150.77,357.88,2.31
113.67936209,34.58658618,150.77,357.88,2.31
113.67937222,34.58658589,150.77,357.81,2.31
113.67937728,34.58658575,150.77,357.75,2.31
113.67937981,34.58658567,150.77,357.74,2.31
113.67938233,34.58658559,150.77,357.73,2.31
113.67938484,34.58658549,150.77,357.72,2.28
113.67938986,34.58658535,150.77,357.67,2.28
113.67939738,34.58658511,150.77,357.59,2.25
113.67939988,34.58658502,150.77,357.58,2.25
113.67940237,34.58658494,150.77,357.60,2.25
113.67940486,34.58658485,150.77,357.59,2.25
113.67940735,34.58658478,150.77,357.56,2.25
113.67940983,34.58658469,150.77,357.58,2.25
113.67941977,34.58658436,150.77,357.54,2.25
113.67942472,34.58658420,150.77,357.55,2.25
113.67942717,34.58658413,150.77,357.54,2.25
113.67942961,34.58658403,150.77,357.54,2.22
113.67943203,34.58658396,150.77,357.56,2.22
113.67943687,34.58658380,150.77,357.55,2.22
113.67944881,34.58658339,150.77,357.55,2.17
113.67945119,34.58658332,150.77,357.55,2.17
113.67945354,34.58658324,150.77,357.56,2.17
113.67945589,34.58658315,150.77,357.57,2.11
113.67946054,34.58658298,150.77,357.56,2.11
113.67946286,34.58658291,150.77,357.57,2.11
113.67946745,34.58658274,150.77,357.57,2.08
113.67946974,34.58658266,150.77,357.57,2.08
113.67947425,34.58658250,150.77,357.59,2.06
113.67947649,34.58658243,150.77,357.59,2.06
113.67947874,34.58658236,150.77,357.59,2.03
113.67948316,34.58658220,150.77,357.63,2.03
113.67948538,34.58658214,150.77,357.61,2.03
113.67948759,34.58658208,150.77,357.60,2.00
113.67948978,34.58658200,150.76,357.62,2.00
113.67949416,34.58658186,150.76,357.63,2.00
113.67949635,34.58658179,150.76,357.64,1.97
113.67949851,34.58658172,150.76,357.65,1.97
113.67950284,34.58658158,150.76,357.66,1.97
113.67950497,34.58658150,150.76,357.67,1.94
113.67951138,34.58658131,150.76,357.66,1.94
113.67951561,34.58658117,150.76,357.66,1.92
113.67951772,34.58658111,150.76,357.67,1.92
113.67951980,34.58658104,150.76,357.71,1.92
113.67952190,34.58658098,150.76,357.72,1.92
113.67953226,34.58658065,150.76,357.86,1.89
113.67953636,34.58658054,150.76,357.91,1.86
113.67954044,34.58658044,150.76,357.97,1.83
113.67954247,34.58658039,150.76,357.99,1.83
113.67954449,34.58658033,150.76,358.00,1.83
113.67955050,34.58658018,150.76,358.06,1.81
113.67955248,34.58658013,150.76,358.08,1.81
113.67955445,34.58658008,150.76,358.10,1.81
113.67955640,34.58658003,150.76,358.11,1.81
113.67956023,34.58657995,150.76,358.14,1.75
113.67956211,34.58657991,150.76,358.14,1.72
113.67956576,34.58657981,150.76,358.17,1.67
113.67956755,34.58657977,150.76,358.18,1.64
113.67957104,34.58657969,150.76,358.20,1.58
113.67957275,34.58657965,150.76,358.22,1.56
113.67957443,34.58657961,150.76,358.23,1.53
113.67957608,34.58657957,150.76,358.24,1.50
113.67957772,34.58657953,150.76,358.24,1.47
113.67957933,34.58657950,150.76,358.25,1.47
113.67958092,34.58657946,150.76,358.26,1.47
113.67958860,34.58657929,150.76,358.31,1.36
113.67959008,34.58657925,150.76,358.32,1.33
113.67959155,34.58657922,150.76,358.33,1.33
113.67959444,34.58657916,150.76,358.35,1.33
113.67959865,34.58657906,150.77,358.38,1.28
113.67960138,34.58657901,150.77,358.40,1.25
113.67960271,34.58657898,150.77,358.41,1.22
113.67960403,34.58657896,150.77,358.41,1.19
113.67960532,34.58657892,150.77,358.42,1.19
113.67960661,34.58657889,150.77,358.44,1.17
113.67960786,34.58657886,150.77,358.43,1.17
113.67961273,34.58657874,150.77,358.47,1.08
113.67961509,34.58657869,150.77,358.49,1.06
113.67961739,34.58657863,150.77,358.50,1.00
113.67961849,34.58657861,150.77,358.50,1.00
113.67961956,34.58657858,150.77,358.52,0.97
113.67962409,34.58657848,150.78,358.54,0.69
113.67962580,34.58657844,150.78,358.56,0.47
113.67962689,34.58657846,150.83,358.57,0.00
113.67962830,34.58657843,150.83,358.57,0.33
113.67962936,34.58657841,150.84,358.57,0.44
113.67963065,34.58657839,150.84,358.56,0.56
113.67963212,34.58657836,150.84,358.55,0.64
113.67963374,34.58657833,150.84,358.54,0.69
113.67964046,34.58657817,150.84,358.49,0.92
113.67964263,34.58657813,150.84,358.43,0.97
113.67964376,34.58657810,150.84,358.45,1.00
113.67964492,34.58657807,150.84,358.43,1.00
113.67964608,34.58657805,150.84,358.38,1.00
113.67964727,34.58657803,150.85,358.37,1.06
113.67964849,34.58657800,150.85,358.38,1.06
113.67965099,34.58657794,150.85,358.30,1.11
113.67965228,34.58657790,150.85,358.30,1.11
113.67965356,34.58657787,150.85,358.29,1.11
113.67965616,34.58657781,150.85,358.24,1.14
113.67965748,34.58657777,150.86,358.21,1.14
113.67966554,34.58657755,150.86,358.08,1.19
113.67966830,34.58657747,150.86,358.08,1.22
113.67966968,34.58657744,150.86,358.02,1.25
113.67967108,34.58657740,150.86,358.00,1.25
113.67967960,34.58657715,150.87,357.85,1.28
113.67968102,34.58657710,150.87,357.85,1.28
113.67968247,34.58657706,150.87,357.85,1.28
113.67968389,34.58657702,150.87,357.79,1.28
113.67968534,34.58657697,150.87,357.77,1.28
113.67969247,34.58657672,150.87,357.68,1.28
113.67969392,34.58657668,150.87,357.64,1.28
113.67969535,34.58657663,150.87,357.65,1.28
113.67969680,34.58657657,150.86,357.62,1.28
113.67969969,34.58657647,150.87,357.55,1.28
113.67970112,34.58657642,150.87,357.55,1.28
113.67970692,34.58657619,150.87,357.48,1.31
113.67971129,34.58657604,150.87,357.47,1.31
113.67971419,34.58657593,150.87,357.48,1.31
113.67971563,34.58657587,150.87,357.49,1.31
113.67971851,34.58657576,150.88,357.50,1.31
113.67972284,34.58657561,150.88,357.56,1.31
113.67972426,34.58657556,150.88,357.59,1.31
113.67972569,34.58657551,150.88,357.63,1.28
113.67972711,34.58657545,150.88,357.67,1.28
113.67972996,34.58657536,150.88,357.77,1.28
113.67973562,34.58657518,150.89,358.15,1.28
113.67973705,34.58657515,150.89,358.28,1.28
113.67973846,34.58657511,150.89,358.41,1.28
113.67973989,34.58657509,150.89,358.57,1.28
113.67974276,34.58657505,150.89,358.96,1.28
113.67975138,34.58657497,150.90,0.51,1.31
113.67975568,34.58657500,150.90,1.62,1.31
113.67975713,34.58657505,150.90,2.07,1.31
113.67975855,34.58657510,150.90,2.53,1.31
113.67976285,34.58657528,150.90,3.99,1.31
113.67976427,34.58657536,150.90,4.48,1.31
113.67976715,34.58657557,150.90,5.50,1.31
113.67976857,34.58657568,150.91,6.01,1.31
113.67976999,34.58657580,150.91,6.55,1.31
113.67977284,34.58657608,150.90,7.67,1.33
113.67977568,34.58657639,150.91,8.79,1.33
113.67977851,34.58657675,150.91,9.96,1.33
113.67978135,34.58657716,150.91,11.20,1.33
113.67978276,34.58657739,150.91,11.84,1.33
113.67978830,34.58657844,150.91,14.56,1.33
113.67978969,34.58657874,150.91,15.34,1.33
113.67979785,34.58658083,150.91,20.35,1.33
113.67979919,34.58658123,150.91,21.29,1.33
113.67980179,34.58658208,150.91,23.20,1.33
113.67980432,34.58658300,150.91,25.23,1.33
113.67980556,34.58658349,150.92,26.22,1.33
113.67980680,34.58658398,150.92,27.26,1.33
113.67980802,34.58658449,150.92,28.32,1.33
113.67980920,34.58658501,150.92,29.37,1.33
113.67981037,34.58658556,150.92,30.45,1.33
113.67981152,34.58658610,150.92,31.56,1.33
113.67981378,34.58658726,150.92,33.74,1.33
113.67981488,34.58658786,150.92,34.87,1.33
113.67981800,34.58658975,150.93,38.33,1.33
113.67981903,34.58659041,150.93,39.53,1.33
113.67982005,34.58659110,150.93,40.70,1.33
113.67982200,34.58659251,150.93,43.05,1.33
113.67982479,34.58659474,150.93,46.53,1.31
113.67982659,34.58659629,150.94,48.88,1.31
113.67982917,34.58659876,150.94,52.32,1.31
113.67983079,34.58660046,150.94,54.59,1.31
113.67983509,34.58660585,150.93,61.68,1.31
113.67983690,34.58660865,150.93,65.39,1.31
113.67983796,34.58661056,150.93,67.87,1.31
113.67983976,34.58661445,150.93,72.79,1.28
113.67984052,34.58661643,150.93,75.25,1.28
113.67984084,34.58661744,150.93,76.46,1.28
113.67984116,34.58661845,150.93,77.67,1.28
113.67984193,34.58662154,150.93,81.25,1.28
113.67984212,34.58662259,150.93,82.37,1.28
113.67984229,34.58662364,150.93,83.46,1.28
113.67984245,34.58662470,150.93,84.50,1.28
113.67984270,34.58662685,150.93,86.32,1.28
113.67984279,34.58662792,150.93,87.06,1.25
113.67984288,34.58662900,150.93,87.70,1.25
113.67984306,34.58663623,150.93,89.42,1.06
113.67984307,34.58663807,150.93,89.41,1.00
113.67984308,34.58663977,150.93,89.35,0.92
113.67984311,34.58664131,150.93,89.30,0.83
113.67984309,34.58664269,150.93,89.27,0.75
113.67984309,34.58664389,150.93,89.21,0.64
113.67984309,34.58664494,150.93,89.21,0.56
113.67984309,34.58664719,150.93,89.13,0.33
113.67984288,34.58664821,150.89,89.10,0.00
113.67984290,34.58664944,150.89,89.01,0.33
113.67984294,34.58665100,150.90,88.87,0.56
113.67984297,34.58665226,150.90,88.74,0.64
113.67984300,34.58665369,150.90,88.59,0.72
113.67984305,34.58665523,150.90,88.44,0.83
113.67984317,34.58665873,150.91,88.14,0.94
113.67984325,34.58666063,150.91,88.07,1.00
113.67984337,34.58666363,150.91,88.08,1.06
113.67984341,34.58666468,150.91,88.12,1.11
113.67984362,34.58667012,150.91,88.51,1.17
113.67984366,34.58667125,150.91,88.67,1.19
113.67984371,34.58667353,150.91,88.98,1.22
113.67984377,34.58667586,150.91,89.40,1.25
113.67984379,34.58667702,150.91,89.61,1.25
113.67984380,34.58667820,150.91,89.85,1.25
113.67984381,34.58668057,150.91,90.38,1.28
113.67984380,34.58668176,150.91,90.69,1.28
113.67984379,34.58668295,150.91,91.02,1.31
113.67984376,34.58668415,150.91,91.40,1.31
113.67984373,34.58668536,150.91,91.79,1.31
113.67984368,34.58668657,150.91,92.22,1.33
113.67984363,34.58668779,150.91,92.70,1.33
113.67984334,34.58669263,150.91,94.99,1.33
113.67984322,34.58669385,150.91,95.66,1.33
113.67984310,34.58669506,150.91,96.35,1.33
113.67984235,34.58669995,150.91,99.38,1.39
113.67984214,34.58670116,150.91,100.20,1.39
113.67984131,34.58670481,150.91,102.56,1.39
113.67984100,34.58670604,150.91,103.39,1.39
113.67984066,34.58670724,150.91,104.18,1.42
113.67984030,34.58670847,150.91,105.00,1.42
113.67983991,34.58670967,150.91,105.84,1.42
113.67983951,34.58671089,150.91,106.66,1.42
113.67983907,34.58671211,150.91,107.48,1.42
113.67983714,34.58671692,150.90,110.84,1.44
113.67983606,34.58671931,150.90,112.61,1.47
113.67983491,34.58672168,150.90,114.35,1.47
113.67983363,34.58672404,150.90,116.12,1.47
113.67983298,34.58672519,150.90,117.03,1.47
113.67983158,34.58672749,150.90,118.83,1.47
113.67983081,34.58672862,150.90,119.73,1.47
113.67983005,34.58672975,150.90,120.68,1.47
113.67982925,34.58673086,150.90,121.62,1.47
113.67982844,34.58673197,150.90,122.56,1.47
113.67982758,34.58673305,150.89,123.53,1.47
113.67982402,34.58673730,150.89,127.64,1.47
113.67982210,34.58673932,150.89,129.92,1.47
113.67981909,34.58674220,150.89,133.68,1.50
113.67981591,34.58674485,150.89,137.64,1.50
113.67981017,34.58674874,150.89,144.67,1.50
113.67980896,34.58674943,150.89,146.10,1.50
113.67980776,34.58675010,150.89,147.51,1.50
113.67980652,34.58675074,150.89,148.93,1.47
113.67980531,34.58675137,150.89,150.40,1.47
113.67980279,34.58675250,150.89,153.21,1.47
113.67980152,34.58675302,150.89,154.63,1.47
113.67980025,34.58675353,150.89,156.08,1.47
113.67979895,34.58675400,150.89,157.46,1.47
113.67979765,34.58675445,150.89,158.82,1.44
113.67979505,34.58675527,150.89,161.62,1.42
113.67979374,34.58675563,150.89,162.99,1.42
113.67979242,34.58675598,150.89,164.32,1.42
113.67978839,34.58675686,150.89,168.22,1.42
113.67978702,34.58675710,150.89,169.45,1.42
113.67978141,34.58675782,150.89,173.97,1.39
113.67977710,34.58675816,150.89,176.60,1.39
113.67977414,34.58675828,150.89,177.87,1.39
113.67976959,34.58675841,150.89,178.86,1.39
113.67976648,34.58675847,150.88,179.03,1.39
113.67976492,34.58675849,150.88,179.09,1.39
113.67976019,34.58675855,150.88,179.14,1.42
113.67975376,34.58675863,150.88,179.18,1.42
113.67974554,34.58675874,150.87,179.20,1.47
113.67974058,34.58675877,150.87,179.22,1.47
113.67973894,34.58675878,150.87,179.20,1.47
113.67973730,34.58675880,150.87,179.21,1.47
113.67973568,34.58675882,150.87,179.23,1.47
113.67973405,34.58675883,150.87,179.22,1.47
113.67973083,34.58675887,150.87,179.24,1.47
113.67972923,34.58675889,150.87,179.23,1.47
113.67972610,34.58675892,150.86,179.24,1.44
113.67972455,34.58675894,150.86,179.23,1.39
113.67972165,34.58675897,150.86,179.26,1.33
113.67972032,34.58675898,150.86,179.27,1.25
113.67971906,34.58675901,150.86,179.28,1.17
113.67971688,34.58675904,150.85,179.27,1.00
113.67971514,34.58675905,150.85,179.27,0.78
113.67971340,34.58675906,150.84,179.28,0.50
