113.68379266,34.58478992,151.79,77.09,0.00
113.68379238,34.58478878,151.79,77.33,0.17
113.68379261,34.58478996,151.81,77.33,0.39
113.68379300,34.58479148,151.81,77.37,0.58
113.68379331,34.58479270,151.81,77.41,0.69
113.68379366,34.58479407,151.81,77.51,0.72
113.68379411,34.58479566,151.81,77.66,0.83
113.68379452,34.58479730,151.81,77.87,0.89
113.68379492,34.58479903,151.81,78.16,0.97
113.68379534,34.58480085,151.80,78.50,1.00
113.68379578,34.58480277,151.80,78.98,1.06
113.68379622,34.58480478,151.80,79.48,1.08
113.68379643,34.58480578,151.80,79.79,1.11
113.68379663,34.58480680,151.80,80.07,1.11
113.68379682,34.58480784,151.80,80.36,1.14
113.68379701,34.58480889,151.80,80.68,1.17
113.68379721,34.58480996,151.80,80.99,1.17
113.68379740,34.58481103,151.80,81.30,1.17
113.68379757,34.58481212,151.80,81.61,1.17
113.68379776,34.58481322,151.80,81.93,1.19
113.68379795,34.58481435,151.80,82.25,1.19
113.68379813,34.58481547,151.80,82.58,1.19
113.68379830,34.58481659,151.80,82.90,1.22
113.68379845,34.58481772,151.80,83.24,1.22
113.68379859,34.58481885,151.80,83.57,1.25
113.68379872,34.58481998,151.80,83.90,1.25
113.68379885,34.58482112,151.80,84.23,1.25
113.68379897,34.58482226,151.79,84.56,1.25
113.68379908,34.58482341,151.79,84.91,1.25
113.68379918,34.58482458,151.80,85.24,1.25
113.68379925,34.58482578,151.80,85.57,1.28
113.68379933,34.58482696,151.80,85.92,1.28
113.68379941,34.58482813,151.80,86.26,1.28
113.68379948,34.58482931,151.80,86.59,1.28
113.68379955,34.58483049,151.80,86.95,1.28
113.68379961,34.58483167,151.79,87.29,1.28
113.68379965,34.58483286,151.79,87.63,1.28
113.68379969,34.58483405,151.79,88.00,1.31
113.68379972,34.58483525,151.79,88.37,1.31
113.68379975,34.58483644,151.79,88.75,1.31
113.68379976,34.58483764,151.80,89.16,1.31
113.68379976,34.58483884,151.80,89.58,1.33
113.68379974,34.58484005,151.80,89.98,1.33
113.68379972,34.58484126,151.80,90.38,1.33
113.68379969,34.58484247,151.80,90.80,1.33
113.68379964,34.58484369,151.80,91.20,1.33
113.68379959,34.58484491,151.80,91.62,1.33
113.68379952,34.58484612,151.80,92.03,1.33
113.68379944,34.58484734,151.80,92.44,1.33
113.68379937,34.58484856,151.80,92.87,1.33
113.68379930,34.58484978,151.80,93.29,1.33
113.68379921,34.58485102,151.80,93.71,1.33
113.68379909,34.58485226,151.80,94.12,1.36
113.68379896,34.58485351,151.80,94.52,1.36
113.68379882,34.58485476,151.80,94.94,1.36
113.68379867,34.58485601,151.80,95.35,1.36
113.68379850,34.58485727,151.80,95.77,1.39
113.68379833,34.58485853,151.80,96.20,1.39
113.68379815,34.58485980,151.80,96.62,1.39
113.68379795,34.58486106,151.80,97.02,1.39
113.68379774,34.58486233,151.80,97.45,1.39
113.68379752,34.58486361,151.79,97.88,1.39
113.68379728,34.58486489,151.79,98.28,1.42
113.68379703,34.58486617,151.79,98.68,1.42
113.68379677,34.58486746,151.79,99.10,1.42
113.68379649,34.58486875,151.79,99.50,1.42
113.68379620,34.58487005,151.79,99.91,1.42
113.68379590,34.58487135,151.79,100.33,1.44
113.68379559,34.58487265,151.79,100.75,1.44
113.68379526,34.58487395,151.79,101.16,1.47
113.68379492,34.58487526,151.79,101.58,1.47
113.68379457,34.58487656,151.79,102.00,1.47
113.68379420,34.58487787,151.79,102.42,1.47
113.68379383,34.58487918,151.79,102.84,1.47
113.68379345,34.58488048,151.79,103.26,1.47
113.68379305,34.58488179,151.79,103.67,1.47
113.68379263,34.58488310,151.79,104.10,1.47
113.68379221,34.58488441,151.79,104.53,1.47
113.68379177,34.58488573,151.78,104.96,1.47
113.68379133,34.58488703,151.78,105.42,1.47
113.68379089,34.58488833,151.78,105.90,1.50
113.68379043,34.58488963,151.78,106.41,1.50
113.68378994,34.58489093,151.78,106.93,1.50
113.68378944,34.58489223,151.78,107.46,1.50
113.68378892,34.58489353,151.78,108.00,1.50
113.68378838,34.58489482,151.78,108.53,1.50
113.68378783,34.58489610,151.78,109.06,1.50
113.68378726,34.58489738,151.78,109.59,1.50
113.68378668,34.58489866,151.78,110.12,1.50
113.68378609,34.58489992,151.78,110.66,1.50
113.68378551,34.58490116,151.78,111.19,1.50
113.68378490,34.58490241,151.78,111.73,1.50
113.68378427,34.58490366,151.78,112.25,1.50
113.68378363,34.58490491,151.78,112.78,1.50
113.68378297,34.58490615,151.78,113.32,1.50
113.68378230,34.58490739,151.78,113.86,1.50
113.68378162,34.58490862,151.78,114.39,1.50
113.68378092,34.58490984,151.78,114.93,1.50
113.68378020,34.58491105,151.78,115.47,1.50
113.68377874,34.58491341,151.78,116.61,1.50
113.68377800,34.58491458,151.78,117.17,1.47
113.68377725,34.58491576,151.78,117.73,1.47
113.68377648,34.58491694,151.78,118.31,1.47
113.68377570,34.58491810,151.78,118.87,1.47
113.68377490,34.58491925,151.78,119.44,1.47
113.68377410,34.58492040,151.79,120.01,1.47
113.68377327,34.58492153,151.79,120.57,1.47
113.68377243,34.58492266,151.79,121.15,1.47
113.68377158,34.58492379,151.79,121.73,1.47
113.68377073,34.58492488,151.78,122.30,1.47
113.68376986,34.58492598,151.78,122.86,1.47
113.68376897,34.58492708,151.78,123.42,1.47
113.68376806,34.58492818,151.78,123.96,1.47
113.68376713,34.58492928,151.78,124.47,1.47
113.68376619,34.58493039,151.78,124.96,1.47
113.68376524,34.58493149,151.78,125.45,1.47
113.68376426,34.58493258,151.78,125.91,1.47
113.68376327,34.58493368,151.78,126.37,1.50
113.68376225,34.58493477,151.78,126.83,1.50
113.68376120,34.58493585,151.79,127.27,1.53
113.68376014,34.58493695,151.79,127.70,1.53
113.68375908,34.58493806,151.79,128.14,1.56
113.68375800,34.58493918,151.79,128.59,1.56
113.68375689,34.58494029,151.79,129.02,1.58
113.68375576,34.58494141,151.79,129.47,1.58
113.68375461,34.58494254,151.79,129.93,1.61
113.68375344,34.58494366,151.79,130.39,1.64
113.68375225,34.58494479,151.79,130.86,1.64
113.68375103,34.58494591,151.79,131.34,1.67
113.68374977,34.58494701,151.79,131.81,1.67
113.68374850,34.58494812,151.80,132.28,1.67
113.68374722,34.58494925,151.80,132.76,1.69
113.68374592,34.58495038,151.80,133.25,1.69
113.68374460,34.58495151,151.80,133.73,1.72
113.68374325,34.58495264,151.80,134.21,1.75
113.68374188,34.58495377,151.80,134.70,1.75
113.68374049,34.58495489,151.79,135.21,1.78
113.68373908,34.58495602,151.79,135.71,1.81
113.68373765,34.58495713,151.79,136.22,1.81
113.68373620,34.58495822,151.79,136.74,1.81
113.68373472,34.58495932,151.79,137.25,1.81
113.68373323,34.58496042,151.79,137.76,1.81
113.68373173,34.58496152,151.79,138.29,1.81
113.68373021,34.58496263,151.79,138.82,1.83
113.68372866,34.58496372,151.79,139.35,1.83
113.68372710,34.58496480,151.79,139.89,1.83
113.68372551,34.58496587,151.79,140.44,1.86
113.68372390,34.58496693,151.79,141.00,1.89
113.68372227,34.58496797,151.78,141.59,1.89
113.68372062,34.58496897,151.78,142.18,1.89
113.68371896,34.58497000,151.78,142.80,1.92
113.68371727,34.58497103,151.78,143.44,1.92
113.68371556,34.58497205,151.78,144.07,1.94
113.68371383,34.58497306,151.78,144.71,1.94
113.68371207,34.58497406,151.78,145.34,1.94
113.68371029,34.58497505,151.78,145.99,1.94
113.68370850,34.58497602,151.78,146.65,1.94
113.68370668,34.58497698,151.78,147.32,1.94
113.68370482,34.58497792,151.79,148.00,1.97
113.68370293,34.58497882,151.79,148.70,1.97
113.68370104,34.58497972,151.79,149.40,1.97
113.68369914,34.58498062,151.79,150.09,2.00
113.68369722,34.58498151,151.79,150.80,2.03
113.68369528,34.58498238,151.79,151.53,2.03
113.68369332,34.58498323,151.78,152.25,2.03
113.68369133,34.58498405,151.78,152.96,2.06
113.68368933,34.58498486,151.78,153.68,2.06
113.68368731,34.58498566,151.78,154.40,2.06
113.68368527,34.58498642,151.78,155.13,2.08
113.68368321,34.58498715,151.78,155.85,2.08
113.68368113,34.58498787,151.78,156.59,2.08
113.68367904,34.58498858,151.78,157.33,2.08
113.68367693,34.58498928,151.78,158.05,2.08
113.68367480,34.58498996,151.78,158.80,2.11
113.68367264,34.58499062,151.78,159.56,2.11
113.68367047,34.58499126,151.78,160.30,2.11
113.68366827,34.58499188,151.78,161.03,2.11
113.68366604,34.58499247,151.78,161.79,2.14
113.68366377,34.58499304,151.78,162.57,2.14
113.68366146,34.58499358,151.78,163.34,2.17
113.68365918,34.58499410,151.79,164.13,2.17
113.68365691,34.58499459,151.79,164.97,2.17
113.68365464,34.58499505,151.79,165.79,2.17
113.68365236,34.58499548,151.78,166.59,2.19
113.68365006,34.58499590,151.78,167.41,2.19
113.68364775,34.58499630,151.78,168.21,2.19
113.68364543,34.58499667,151.78,169.02,2.19
113.68364311,34.58499701,151.77,169.86,2.19
113.68364074,34.58499732,151.77,170.67,2.19
113.68363835,34.58499759,151.77,171.50,2.22
113.68363596,34.58499786,151.77,172.35,2.22
113.68363357,34.58499810,151.77,173.16,2.22
113.68363118,34.58499829,151.77,173.96,2.22
113.68362878,34.58499845,151.77,174.80,2.22
113.68362640,34.58499857,151.77,175.62,2.22
113.68362402,34.58499869,151.77,176.44,2.22
113.68362165,34.58499878,151.77,177.27,2.22
113.68361928,34.58499884,151.77,178.09,2.22
113.68361690,34.58499886,151.78,178.94,2.22
113.68361450,34.58499884,151.79,179.82,2.22
113.68361211,34.58499880,151.79,180.69,2.22
113.68360976,34.58499874,151.79,181.58,2.22
113.68360740,34.58499865,151.79,182.46,2.22
113.68360506,34.58499853,151.79,183.33,2.19
113.68360271,34.58499839,151.80,184.21,2.19
113.68360037,34.58499821,151.80,185.07,2.19
113.68359803,34.58499799,151.80,185.93,2.19
113.68359571,34.58499775,151.80,186.80,2.19
113.68359340,34.58499749,151.80,187.68,2.19
113.68359110,34.58499720,151.80,188.54,2.19
113.68358880,34.58499688,151.80,189.41,2.19
113.68358651,34.58499653,151.80,190.28,2.19
113.68358422,34.58499614,151.81,191.13,2.19
113.68358194,34.58499573,151.81,191.96,2.19
113.68357967,34.58499529,151.81,192.76,2.19
113.68357740,34.58499483,151.81,193.55,2.17
113.68357515,34.58499434,151.81,194.32,2.17
113.68357289,34.58499383,151.81,195.09,2.17
113.68357064,34.58499328,151.81,195.83,2.17
113.68356833,34.58499272,151.81,196.54,2.17
113.68356603,34.58499214,151.81,197.23,2.19
113.68356376,34.58499153,151.80,197.89,2.19
113.68356150,34.58499089,151.81,198.55,2.19
113.68355926,34.58499022,151.81,199.20,2.19
113.68355702,34.58498952,151.81,199.79,2.19
113.68355477,34.58498881,151.82,200.33,2.19
113.68355253,34.58498809,151.82,200.87,2.19
113.68355029,34.58498735,151.82,201.41,2.19
113.68354805,34.58498656,151.83,201.90,2.22
113.68354577,34.58498573,151.83,202.36,2.22
113.68354350,34.58498492,151.83,202.82,2.25
113.68354124,34.58498410,151.83,203.29,2.25
113.68353898,34.58498326,151.83,203.77,2.25
113.68353672,34.58498240,151.83,204.23,2.25
113.68353446,34.58498151,151.83,204.70,2.28
113.68353219,34.58498061,151.83,205.18,2.31
113.68352992,34.58497969,151.83,205.66,2.31
113.68352764,34.58497875,151.83,206.14,2.31
113.68352536,34.58497778,151.83,206.62,2.36
113.68352305,34.58497677,151.83,207.12,2.36
113.68352075,34.58497575,151.82,207.65,2.36
113.68351846,34.58497471,151.82,208.19,2.39
113.68351618,34.58497365,151.82,208.73,2.39
113.68351390,34.58497257,151.82,209.30,2.39
113.68351163,34.58497147,151.82,209.87,2.42
113.68350935,34.58497034,151.82,210.44,2.42
113.68350708,34.58496919,151.82,211.05,2.44
113.68350254,34.58496681,151.82,212.30,2.47
113.68350025,34.58496557,151.82,212.95,2.47
113.68349799,34.58496431,151.82,213.64,2.50
113.68349576,34.58496302,151.82,214.33,2.50
113.68349354,34.58496170,151.82,215.05,2.50
113.68349132,34.58496037,151.82,215.78,2.53
113.68348912,34.58495900,151.82,216.51,2.53
113.68348694,34.58495761,151.81,217.23,2.53
113.68348478,34.58495619,151.81,217.97,2.56
113.68348263,34.58495474,151.81,218.73,2.56
113.68348048,34.58495326,151.82,219.51,2.56
113.68347831,34.58495175,151.83,220.30,2.58
113.68347619,34.58495021,151.83,221.10,2.58
113.68347412,34.58494865,151.83,221.94,2.58
113.68347207,34.58494706,151.83,222.80,2.58
113.68347005,34.58494543,151.83,223.66,2.58
113.68346806,34.58494378,151.83,224.54,2.58
113.68346608,34.58494210,151.83,225.46,2.61
113.68346414,34.58494039,151.83,226.40,2.61
113.68346222,34.58493865,151.84,227.36,2.61
113.68346032,34.58493687,151.84,228.31,2.64
113.68345843,34.58493506,151.84,229.28,2.64
113.68345659,34.58493323,151.84,230.25,2.64
113.68345481,34.58493138,151.84,231.21,2.64
113.68345306,34.58492949,151.84,232.17,2.64
113.68345135,34.58492758,151.84,233.15,2.67
113.68344967,34.58492564,151.84,234.12,2.67
113.68344804,34.58492368,151.84,235.11,2.67
113.68344645,34.58492168,151.84,236.14,2.67
113.68344491,34.58491965,151.84,237.17,2.69
113.68344339,34.58491760,151.84,238.18,2.69
113.68344188,34.58491553,151.84,239.19,2.69
113.68344044,34.58491342,151.85,240.22,2.72
113.68343905,34.58491128,151.85,241.27,2.72
113.68343768,34.58490913,151.85,242.30,2.72
113.68343637,34.58490695,151.85,243.33,2.72
113.68343510,34.58490474,151.85,244.40,2.72
113.68343390,34.58490250,151.85,245.43,2.72
113.68343274,34.58490024,151.85,246.46,2.72
113.68343161,34.58489796,151.85,247.51,2.75
113.68343053,34.58489567,151.85,248.56,2.78
113.68342948,34.58489338,151.85,249.61,2.78
113.68342851,34.58489105,151.85,250.68,2.78
113.68342759,34.58488868,151.84,251.74,2.78
113.68342672,34.58488630,151.85,252.80,2.78
113.68342589,34.58488390,151.85,253.84,2.78
113.68342512,34.58488148,151.85,254.90,2.81
113.68342439,34.58487904,151.85,255.96,2.81
113.68342373,34.58487659,151.84,256.99,2.81
113.68342312,34.58487412,151.84,258.02,2.81
113.68342257,34.58487165,151.85,259.07,2.81
113.68342208,34.58486918,151.85,260.08,2.83
113.68342164,34.58486669,151.85,261.11,2.83
113.68342123,34.58486418,151.85,262.15,2.83
113.68342087,34.58486165,151.85,263.16,2.83
113.68342058,34.58485910,151.85,264.13,2.86
113.68342034,34.58485655,151.85,265.04,2.86
113.68342016,34.58485399,151.84,265.88,2.86
113.68342000,34.58485141,151.84,266.64,2.86
113.68341988,34.58484883,151.85,267.38,2.86
113.68341981,34.58484626,151.85,268.13,2.86
113.68341977,34.58484370,151.85,268.82,2.86
113.68341978,34.58484113,151.85,269.47,2.86
113.68341983,34.58483856,151.85,270.07,2.86
113.68341991,34.58483601,151.85,270.66,2.86
113.68342002,34.58483347,151.85,271.21,2.81
113.68342014,34.58483093,151.85,271.74,2.81
113.68342029,34.58482841,151.85,272.27,2.78
113.68342046,34.58482590,151.85,272.80,2.78
113.68342068,34.58482338,151.85,273.26,2.78
113.68342092,34.58482087,151.85,273.68,2.78
113.68342114,34.58481837,151.86,274.05,2.78
113.68342140,34.58481587,151.86,274.35,2.78
113.68342168,34.58481335,151.87,274.58,2.78
113.68342197,34.58481083,151.87,274.78,2.78
113.68342227,34.58480831,151.86,274.92,2.78
113.68342259,34.58480580,151.86,274.99,2.78
113.68342290,34.58480328,151.86,274.99,2.78
113.68342321,34.58480077,151.86,275.00,2.78
113.68342352,34.58479828,151.85,274.96,2.75
113.68342383,34.58479578,151.85,274.94,2.75
113.68342412,34.58479330,151.84,274.88,2.75
113.68342440,34.58479084,151.84,274.85,2.72
113.68342470,34.58478838,151.83,274.78,2.72
113.68342500,34.58478594,151.83,274.71,2.72
113.68342528,34.58478353,151.82,274.61,2.69
113.68342555,34.58478114,151.82,274.49,2.67
113.68342580,34.58477877,151.82,274.37,2.64
113.68342606,34.58477642,151.82,274.22,2.61
113.68342631,34.58477409,151.81,274.01,2.58
113.68342655,34.58477178,151.81,273.80,2.58
113.68342675,34.58476947,151.81,273.49,2.53
113.68342694,34.58476719,151.81,273.14,2.53
113.68342712,34.58476493,151.81,272.75,2.50
113.68342728,34.58476269,151.80,272.30,2.50
113.68342741,34.58476045,151.80,271.87,2.47
113.68342751,34.58475823,151.80,271.46,2.47
113.68342762,34.58475601,151.80,271.02,2.44
113.68342772,34.58475379,151.80,270.53,2.44
113.68342781,34.58475157,151.80,269.99,2.44
113.68342789,34.58474934,151.80,269.38,2.44
113.68342792,34.58474710,151.81,268.68,2.44
113.68342787,34.58474487,151.81,267.88,2.44
113.68342776,34.58474266,151.81,267.00,2.44
113.68342762,34.58474045,151.81,266.07,2.44
113.68342745,34.58473824,151.81,265.00,2.44
113.68342725,34.58473603,151.81,263.81,2.44
113.68342697,34.58473383,151.81,262.56,2.47
113.68342664,34.58473162,151.81,261.27,2.47
113.68342625,34.58472941,151.81,259.90,2.50
113.68342584,34.58472716,151.81,258.58,2.50
113.68342531,34.58472485,151.81,257.24,2.53
113.68342471,34.58472261,151.82,255.88,2.53
113.68342403,34.58472041,151.82,254.50,2.53
113.68342328,34.58471822,151.82,253.15,2.53
113.68342246,34.58471604,151.82,251.76,2.56
113.68342159,34.58471387,151.82,250.34,2.56
113.68342066,34.58471171,151.82,248.92,2.58
113.68341966,34.58470955,151.82,247.52,2.58
113.68341861,34.58470740,151.82,246.09,2.58
113.68341753,34.58470527,151.82,244.74,2.58
113.68341635,34.58470305,151.82,243.32,2.58
113.68341509,34.58470091,151.81,241.89,2.61
113.68341375,34.58469883,151.82,240.47,2.61
113.68341232,34.58469679,151.82,239.10,2.61
113.68340927,34.58469280,151.82,236.61,2.64
113.68340768,34.58469080,151.82,235.48,2.64
113.68340604,34.58468881,151.82,234.46,2.67
113.68340434,34.58468683,151.82,233.46,2.67
113.68340085,34.58468279,151.83,231.81,2.72
113.68339902,34.58468076,151.83,231.05,2.72
113.68339713,34.58467879,151.84,230.34,2.72
113.68339520,34.58467685,151.84,229.69,2.75
113.68339321,34.58467492,151.84,229.13,2.81
113.68339119,34.58467299,151.84,228.56,2.81
113.68338914,34.58467105,151.84,228.03,2.81
113.68338703,34.58466913,151.84,227.60,2.83
113.68338489,34.58466721,151.85,227.25,2.86
113.68338272,34.58466528,151.85,226.98,2.89
113.68338053,34.58466331,151.86,226.76,2.89
113.68337832,34.58466134,151.86,226.59,2.92
113.68337610,34.58465939,151.87,226.40,2.94
113.68337385,34.58465743,151.87,226.20,2.94
113.68337158,34.58465546,151.87,226.03,2.97
113.68336928,34.58465350,151.88,225.86,3.00
113.68336695,34.58465151,151.88,225.64,3.03
113.68336460,34.58464951,151.88,225.45,3.06
113.68336224,34.58464751,151.88,225.27,3.06
113.68335984,34.58464545,151.89,225.13,3.08
113.68335750,34.58464333,151.89,224.93,3.11
113.68335509,34.58464125,151.89,224.77,3.14
113.68335262,34.58463921,151.90,224.63,3.17
113.68335013,34.58463716,151.90,224.51,3.19
113.68334764,34.58463509,151.90,224.43,3.22
113.68334511,34.58463300,151.90,224.37,3.22
113.68334258,34.58463091,151.90,224.32,3.28
113.68334002,34.58462881,151.90,224.29,3.28
113.68333744,34.58462672,151.90,224.25,3.28
113.68333485,34.58462456,151.91,224.26,3.31
113.68333239,34.58462234,151.91,224.25,3.33
113.68332986,34.58462015,151.91,224.25,3.36
113.68332723,34.58461798,151.91,224.28,3.36
113.68332458,34.58461581,151.91,224.29,3.42
113.68332191,34.58461363,151.91,224.30,3.42
113.68331922,34.58461145,151.92,224.35,3.42
113.68331651,34.58460928,151.92,224.40,3.42
113.68331381,34.58460708,151.93,224.45,3.44
113.68331109,34.58460487,151.93,224.51,3.47
113.68330838,34.58460265,151.93,224.55,3.50
113.68330564,34.58460044,151.92,224.60,3.50
113.68330288,34.58459821,151.91,224.66,3.50
113.68330013,34.58459596,151.91,224.71,3.50
113.68329738,34.58459370,151.92,224.76,3.53
113.68329463,34.58459143,151.92,224.82,3.53
113.68329188,34.58458914,151.92,224.88,3.56
113.68328912,34.58458685,151.92,224.93,3.56
113.68328635,34.58458456,151.93,225.00,3.56
113.68328357,34.58458225,151.93,225.06,3.58
113.68328084,34.58457989,151.93,225.12,3.61
113.68327815,34.58457752,151.94,225.19,3.58
113.68327540,34.58457517,151.94,225.25,3.58
113.68327262,34.58457285,151.95,225.28,3.61
113.68326984,34.58457052,151.95,225.35,3.58
113.68326705,34.58456818,151.96,225.39,3.61
113.68326427,34.58456582,151.96,225.40,3.64
113.68326150,34.58456345,151.96,225.42,3.64
113.68325872,34.58456108,151.97,225.46,3.61
113.68325592,34.58455873,151.98,225.53,3.64
113.68325311,34.58455638,151.98,225.55,3.64
113.68325041,34.58455399,151.99,225.60,3.64
113.68324768,34.58455159,151.99,225.68,3.67
113.68324494,34.58454919,151.99,225.69,3.67
113.68324218,34.58454678,152.00,225.76,3.67
113.68323940,34.58454438,152.00,225.85,3.69
113.68323660,34.58454197,152.01,225.85,3.67
113.68323379,34.58453956,152.01,225.93,3.67
113.68323097,34.58453716,152.02,225.97,3.67
113.68322815,34.58453475,152.03,225.98,3.69
113.68322533,34.58453234,152.03,226.04,3.69
113.68322255,34.58452989,152.03,226.02,3.69
113.68321975,34.58452743,152.04,226.05,3.69
113.68321692,34.58452496,152.04,226.12,3.75
113.68321410,34.58452249,152.04,226.12,3.75
113.68321126,34.58452005,152.04,226.19,3.75
113.68320842,34.58451760,152.05,226.23,3.75
113.68320558,34.58451512,152.06,226.24,3.75
113.68320275,34.58451265,152.06,226.28,3.75
113.68319990,34.58451017,152.07,226.31,3.78
113.68319706,34.58450767,152.07,226.32,3.78
113.68319423,34.58450515,152.08,226.35,3.78
113.68319137,34.58450265,152.09,226.38,3.78
113.68318850,34.58450014,152.09,226.39,3.81
113.68318562,34.58449762,152.10,226.39,3.83
113.68318273,34.58449510,152.10,226.39,3.83
113.68317985,34.58449256,152.10,226.38,3.83
113.68317696,34.58449001,152.11,226.36,3.83
113.68317405,34.58448747,152.11,226.37,3.83
113.68317112,34.58448493,152.11,226.37,3.86
113.68316822,34.58448237,152.12,226.37,3.86
113.68316533,34.58447977,152.12,226.35,3.89
113.68316242,34.58447718,152.13,226.32,3.89
113.68315947,34.58447460,152.13,226.28,3.92
113.68315651,34.58447202,152.13,226.26,3.92
113.68315353,34.58446944,152.14,226.21,3.92
113.68315054,34.58446684,152.14,226.14,3.94
113.68314756,34.58446424,152.14,226.05,3.94
113.68314456,34.58446162,152.15,225.95,3.97
113.68314153,34.58445902,152.15,225.85,3.97
113.68313849,34.58445641,152.15,225.75,3.97
113.68313543,34.58445380,152.16,225.64,4.00
113.68313236,34.58445120,152.16,225.54,4.00
113.68312927,34.58444859,152.16,225.44,4.03
113.68312618,34.58444596,152.16,225.37,4.03
113.68312308,34.58444333,152.17,225.31,4.03
113.68311997,34.58444070,152.17,225.27,4.06
113.68311685,34.58443806,152.17,225.24,4.06
113.68311369,34.58443544,152.17,225.23,4.06
113.68311052,34.58443282,152.18,225.23,4.08
113.68310739,34.58443018,152.18,225.20,4.11
113.68310428,34.58442750,152.19,225.20,4.11
113.68310115,34.58442482,152.20,225.18,4.11
113.68309799,34.58442216,152.20,225.18,4.11
113.68309479,34.58441953,152.21,225.22,4.11
113.68309160,34.58441688,152.21,225.20,4.14
113.68308846,34.58441421,152.22,225.18,4.11
113.68308532,34.58441151,152.23,225.15,4.11
113.68308217,34.58440885,152.24,225.12,4.14
113.68307897,34.58440620,152.24,225.13,4.14
113.68307575,34.58440357,152.24,225.11,4.14
113.68307254,34.58440093,152.25,225.09,4.14
113.68306938,34.58439824,152.26,225.03,4.14
113.68306622,34.58439554,152.26,225.04,4.14
113.68306303,34.58439288,152.27,225.06,4.14
113.68305981,34.58439022,152.27,225.06,4.14
113.68305657,34.58438757,152.28,225.11,4.14
113.68305335,34.58438490,152.29,225.12,4.14
113.68305016,34.58438220,152.29,225.10,4.14
113.68304697,34.58437950,152.29,225.13,4.17
113.68304375,34.58437681,152.30,225.14,4.17
113.68304053,34.58437414,152.30,225.15,4.17
113.68303731,34.58437145,152.31,225.17,4.17
113.68303409,34.58436875,152.31,225.17,4.17
113.68303086,34.58436604,152.31,225.18,4.19
113.68302763,34.58436333,152.32,225.20,4.19
113.68302440,34.58436062,152.32,225.22,4.19
113.68302118,34.58435790,152.33,225.24,4.19
113.68301795,34.58435518,152.33,225.24,4.19
113.68301473,34.58435246,152.33,225.26,4.19
113.68301151,34.58434975,152.34,225.29,4.19
113.68300834,34.58434702,152.35,225.30,4.17
113.68300515,34.58434430,152.35,225.32,4.17
113.68300197,34.58434159,152.35,225.33,4.17
113.68299879,34.58433891,152.36,225.34,4.17
113.68299561,34.58433623,152.36,225.35,4.14
113.68299245,34.58433355,152.36,225.36,4.14
113.68298930,34.58433087,152.36,225.37,4.14
113.68298304,34.58432553,152.37,225.41,4.11
113.68297991,34.58432288,152.37,225.43,4.08
113.68297675,34.58432026,152.37,225.45,4.06
113.68297362,34.58431763,152.37,225.46,4.06
113.68297051,34.58431500,152.37,225.46,4.06
113.68296742,34.58431236,152.37,225.47,4.06
113.68296433,34.58430974,152.37,225.46,4.03
113.68296124,34.58430712,152.37,225.44,4.03
113.68295816,34.58430451,152.37,225.43,4.03
113.68295508,34.58430191,152.38,225.43,4.03
113.68295201,34.58429931,152.38,225.42,4.03
113.68294893,34.58429672,152.38,225.40,4.00
113.68294585,34.58429414,152.39,225.38,4.00
113.68294277,34.58429157,152.39,225.38,4.00
113.68293970,34.58428898,152.39,225.37,4.00
113.68293665,34.58428638,152.39,225.34,4.00
113.68293359,34.58428379,152.39,225.32,4.00
113.68293052,34.58428120,152.39,225.31,4.00
113.68292744,34.58427861,152.39,225.28,4.00
113.68292437,34.58427602,152.40,225.26,4.00
113.68292129,34.58427342,152.40,225.23,4.00
113.68291821,34.58427083,152.40,225.20,4.00
113.68291510,34.58426822,152.41,225.17,4.00
113.68291201,34.58426561,152.41,225.14,4.00
113.68290892,34.58426300,152.41,225.12,4.00
113.68290583,34.58426040,152.41,225.08,4.03
113.68290272,34.58425780,152.41,225.03,4.03
113.68289963,34.58425522,152.41,225.01,4.03
113.68289656,34.58425261,152.41,224.98,4.03
113.68289347,34.58425002,152.42,224.91,4.00
113.68289037,34.58424744,152.41,224.86,4.03
113.68288726,34.58424487,152.41,224.84,4.03
113.68288413,34.58424230,152.41,224.80,4.03
113.68288103,34.58423972,152.42,224.72,3.97
113.68287798,34.58423712,152.42,224.65,3.97
113.68287492,34.58423455,152.43,224.68,3.97
113.68287185,34.58423200,152.43,224.66,3.97
113.68286879,34.58422948,152.43,224.63,3.97
113.68286569,34.58422699,152.43,224.72,3.92
113.68286262,34.58422449,152.43,224.76,3.97
113.68285959,34.58422195,152.43,224.77,3.92
113.68285659,34.58421939,152.43,224.82,3.92
113.68285352,34.58421685,152.43,224.83,3.92
113.68285044,34.58421435,152.44,224.87,3.89
113.68284738,34.58421187,152.45,224.96,3.86
113.68284435,34.58420939,152.46,224.99,3.89
113.68284136,34.58420689,152.46,224.99,3.86
113.68283841,34.58420436,152.46,224.96,3.89
113.68283545,34.58420186,152.46,225.00,3.89
113.68283245,34.58419940,152.46,225.05,3.86
113.68282946,34.58419693,152.46,225.01,3.86
113.68282648,34.58419445,152.46,225.03,3.86
113.68282351,34.58419198,152.45,225.05,3.86
113.68282055,34.58418950,152.45,225.03,3.83
113.68281759,34.58418702,152.45,225.04,3.83
113.68281463,34.58418456,152.45,225.05,3.83
113.68281166,34.58418209,152.45,225.05,3.83
113.68280870,34.58417962,152.45,225.04,3.83
113.68280576,34.58417715,152.45,225.05,3.83
113.68280281,34.58417468,152.45,225.06,3.83
113.68279985,34.58417222,152.45,225.05,3.83
113.68279690,34.58416977,152.45,225.07,3.83
113.68279393,34.58416732,152.45,225.09,3.83
113.68279098,34.58416487,152.45,225.10,3.83
113.68278804,34.58416242,152.45,225.11,3.83
113.68278511,34.58415997,152.45,225.13,3.83
113.68278218,34.58415753,152.45,225.15,3.81
113.68277926,34.58415509,152.45,225.16,3.81
113.68277633,34.58415265,152.45,225.18,3.78
113.68277342,34.58415022,152.45,225.19,3.78
113.68277051,34.58414779,152.45,225.22,3.78
113.68276761,34.58414535,152.45,225.23,3.78
113.68276470,34.58414290,152.46,225.25,3.75
113.68276180,34.58414047,152.46,225.29,3.75
113.68275892,34.58413804,152.46,225.34,3.75
113.68275604,34.58413562,152.46,225.37,3.75
113.68275317,34.58413320,152.47,225.40,3.75
113.68275032,34.58413078,152.47,225.44,3.72
113.68274746,34.58412835,152.47,225.48,3.72
113.68274461,34.58412593,152.47,225.52,3.72
113.68274176,34.58412351,152.47,225.55,3.72
113.68273889,34.58412110,152.48,225.60,3.72
113.68273601,34.58411869,152.48,225.66,3.72
113.68273316,34.58411627,152.48,225.70,3.69
113.68273034,34.58411386,152.48,225.75,3.69
113.68272753,34.58411144,152.48,225.79,3.69
113.68272471,34.58410903,152.48,225.84,3.69
113.68272189,34.58410664,152.48,225.91,3.69
113.68271909,34.58410423,152.48,225.94,3.69
113.68271632,34.58410183,152.49,225.98,3.67
113.68271354,34.58409943,152.49,226.05,3.67
113.68271078,34.58409703,152.49,226.09,3.67
113.68270805,34.58409462,152.50,226.12,3.67
113.68270532,34.58409222,152.50,226.21,3.61
113.68270257,34.58408985,152.50,226.27,3.61
113.68269983,34.58408748,152.51,226.31,3.64
113.68269711,34.58408511,152.51,226.40,3.61
113.68269439,34.58408275,152.51,226.42,3.61
113.68269170,34.58408039,152.52,226.45,3.61
113.68268902,34.58407803,152.53,226.51,3.56
113.68268637,34.58407566,152.53,226.54,3.56
113.68268370,34.58407331,152.53,226.59,3.56
113.68268100,34.58407097,152.53,226.58,3.56
113.68267832,34.58406863,152.53,226.56,3.53
113.68267564,34.58406631,152.54,226.60,3.53
113.68267299,34.58406399,152.54,226.56,3.50
113.68267034,34.58406167,152.55,226.52,3.50
113.68266770,34.58405935,152.55,226.51,3.50
113.68266507,34.58405703,152.55,226.48,3.50
113.68266245,34.58405471,152.55,226.44,3.50
113.68265981,34.58405240,152.56,226.43,3.50
113.68265717,34.58405011,152.56,226.41,3.50
113.68265452,34.58404779,152.56,226.38,3.50
113.68265188,34.58404548,152.56,226.38,3.50
113.68264926,34.58404319,152.56,226.36,3.50
113.68264663,34.58404090,152.56,226.33,3.50
113.68264401,34.58403862,152.57,226.33,3.47
113.68264138,34.58403635,152.57,226.34,3.47
113.68263876,34.58403407,152.57,226.34,3.47
113.68263614,34.58403180,152.57,226.33,3.47
113.68263354,34.58402952,152.57,226.32,3.47
113.68263093,34.58402725,152.58,226.33,3.47
113.68262567,34.58402274,152.58,226.34,3.44
113.68262307,34.58402049,152.58,226.35,3.44
113.68262047,34.58401824,152.58,226.35,3.42
113.68261788,34.58401600,152.58,226.36,3.42
113.68261531,34.58401375,152.59,226.35,3.42
113.68261274,34.58401150,152.59,226.35,3.42
113.68261017,34.58400926,152.59,226.35,3.42
113.68260761,34.58400703,152.59,226.35,3.39
113.68260506,34.58400480,152.59,226.36,3.36
113.68260251,34.58400254,152.59,226.37,3.36
113.68259996,34.58400030,152.59,226.36,3.36
113.68259743,34.58399808,152.59,226.35,3.36
113.68259490,34.58399588,152.60,226.35,3.36
113.68259238,34.58399368,152.60,226.35,3.36
113.68258986,34.58399149,152.60,226.36,3.33
113.68258735,34.58398930,152.60,226.35,3.33
113.68258486,34.58398711,152.60,226.35,3.33
113.68258235,34.58398493,152.60,226.35,3.33
113.68257985,34.58398275,152.60,226.35,3.33
113.68257732,34.58398057,152.60,226.35,3.33
113.68257478,34.58397838,152.61,226.34,3.31
113.68257227,34.58397621,152.61,226.34,3.31
113.68256978,34.58397404,152.61,226.33,3.28
113.68256731,34.58397188,152.61,226.30,3.28
113.68256484,34.58396973,152.61,226.30,3.28
113.68256236,34.58396758,152.61,226.28,3.28
113.68255990,34.58396544,152.61,226.26,3.28
113.68255743,34.58396330,152.61,226.26,3.28
113.68255496,34.58396115,152.61,226.24,3.25
113.68255249,34.58395899,152.61,226.22,3.25
113.68255002,34.58395685,152.61,226.20,3.25
113.68254756,34.58395472,152.61,226.19,3.25
113.68254512,34.58395260,152.61,226.17,3.22
113.68254268,34.58395049,152.60,226.15,3.22
113.68254024,34.58394837,152.60,226.15,3.22
113.68253781,34.58394627,152.60,226.13,3.22
113.68253537,34.58394417,152.60,226.11,3.22
113.68253294,34.58394208,152.60,226.11,3.22
113.68253049,34.58393999,152.60,226.09,3.19
113.68252802,34.58393790,152.60,226.06,3.19
113.68252556,34.58393581,152.60,226.05,3.19
113.68252312,34.58393372,152.60,226.05,3.19
113.68252072,34.58393163,152.60,226.03,3.19
113.68251834,34.58392953,152.60,226.03,3.19
113.68251595,34.58392744,152.60,226.02,3.19
113.68251353,34.58392537,152.61,226.01,3.19
113.68251111,34.58392331,152.61,226.02,3.19
113.68250865,34.58392126,152.61,226.01,3.17
113.68250621,34.58391918,152.61,225.97,3.17
113.68250382,34.58391704,152.62,225.95,3.17
113.68250144,34.58391490,152.62,225.91,3.17
113.68249906,34.58391278,152.63,225.86,3.17
113.68249665,34.58391069,152.63,225.87,3.17
113.68249421,34.58390863,152.63,225.87,3.17
113.68249177,34.58390655,152.63,225.82,3.17
113.68248931,34.58390448,152.63,225.87,3.19
113.68248685,34.58390240,152.62,225.87,3.19
113.68248440,34.58390029,152.62,225.80,3.22
113.68248192,34.58389818,152.62,225.77,3.22
113.68247941,34.58389609,152.62,225.74,3.25
113.68247691,34.58389397,152.62,225.65,3.22
113.68247441,34.58389185,152.62,225.61,3.22
113.68247191,34.58388972,152.61,225.56,3.28
113.68246940,34.58388755,152.61,225.47,3.28
113.68246689,34.58388539,152.61,225.42,3.28
113.68246434,34.58388325,152.61,225.38,3.28
113.68246176,34.58388112,152.61,225.30,3.28
113.68245917,34.58387900,152.61,225.27,3.28
113.68245659,34.58387685,152.61,225.19,3.33
113.68245400,34.58387466,152.60,225.10,3.33
113.68245139,34.58387247,152.59,225.02,3.36
113.68244879,34.58387025,152.58,224.91,3.39
113.68244616,34.58386805,152.57,224.86,3.42
113.68244349,34.58386586,152.57,224.82,3.42
113.68244080,34.58386366,152.56,224.74,3.42
113.68243809,34.58386145,152.56,224.68,3.44
113.68243538,34.58385923,152.56,224.62,3.47
113.68243266,34.58385699,152.55,224.54,3.50
113.68242994,34.58385472,152.55,224.49,3.50
113.68242722,34.58385240,152.54,224.43,3.50
113.68242446,34.58385009,152.54,224.37,3.53
113.68242167,34.58384782,152.53,224.32,3.56
113.68241886,34.58384554,152.53,224.28,3.56
113.68241603,34.58384326,152.52,224.25,3.61
113.68241319,34.58384096,152.52,224.21,3.61
113.68241033,34.58383864,152.51,224.18,3.64
113.68240747,34.58383632,152.51,224.18,3.64
113.68240458,34.58383399,152.50,224.16,3.67
113.68240168,34.58383165,152.50,224.15,3.67
113.68239874,34.58382931,152.50,224.16,3.69
113.68239581,34.58382697,152.49,224.18,3.69
113.68239287,34.58382460,152.49,224.20,3.72
113.68238992,34.58382222,152.48,224.23,3.75
113.68238697,34.58381982,152.47,224.26,3.78
113.68238400,34.58381742,152.46,224.30,3.78
113.68238103,34.58381500,152.46,224.36,3.78
113.68237804,34.58381258,152.45,224.42,3.83
113.68237505,34.58381014,152.44,224.47,3.83
113.68237206,34.58380768,152.44,224.53,3.83
113.68236908,34.58380520,152.44,224.60,3.83
113.68236607,34.58380273,152.44,224.68,3.83
113.68236304,34.58380027,152.43,224.76,3.86
113.68236002,34.58379778,152.43,224.83,3.89
113.68235701,34.58379528,152.42,224.89,3.89
113.68235399,34.58379276,152.42,224.97,3.89
113.68235096,34.58379025,152.41,225.05,3.92
113.68234792,34.58378773,152.40,225.13,3.92
113.68234487,34.58378521,152.40,225.22,3.92
113.68234182,34.58378268,152.39,225.28,3.92
113.68233875,34.58378014,152.38,225.30,3.94
113.68233568,34.58377759,152.37,225.31,3.97
113.68233261,34.58377502,152.36,225.34,3.97
113.68232953,34.58377245,152.36,225.32,3.97
113.68232651,34.58376986,152.35,225.31,3.97
113.68232350,34.58376726,152.34,225.28,3.97
113.68232045,34.58376468,152.33,225.19,3.97
113.68231735,34.58376214,152.33,225.14,3.97
113.68231421,34.58375961,152.32,225.10,3.97
113.68231106,34.58375706,152.31,225.05,3.97
113.68230802,34.58375443,152.30,224.94,3.97
113.68230503,34.58375178,152.31,224.84,3.94
113.68230197,34.58374919,152.31,224.82,3.94
113.68229887,34.58374665,152.31,224.76,3.94
113.68229575,34.58374413,152.30,224.75,3.97
113.68229260,34.58374163,152.29,224.77,4.00
113.68228951,34.58373909,152.27,224.69,4.00
113.68228643,34.58373653,152.27,224.63,3.97
113.68228334,34.58373398,152.26,224.62,3.97
113.68228023,34.58373144,152.26,224.59,3.97
113.68227711,34.58372891,152.25,224.55,3.97
113.68227399,34.58372637,152.25,224.52,3.97
113.68227087,34.58372384,152.24,224.52,3.97
113.68226775,34.58372130,152.23,224.52,3.97
113.68226464,34.58371877,152.23,224.54,3.97
113.68226153,34.58371623,152.22,224.58,3.97
113.68225842,34.58371368,152.21,224.60,3.97
113.68225530,34.58371114,152.21,224.62,3.97
113.68225218,34.58370860,152.20,224.65,3.97
113.68224906,34.58370606,152.19,224.71,3.97
113.68224597,34.58370350,152.17,224.76,3.97
113.68224287,34.58370093,152.16,224.82,4.00
113.68223976,34.58369836,152.15,224.89,4.00
113.68223664,34.58369578,152.14,224.97,3.97
113.68223352,34.58369320,152.13,225.05,4.03
113.68223040,34.58369062,152.12,225.12,4.03
113.68222729,34.58368804,152.11,225.22,4.03
113.68222419,34.58368544,152.10,225.30,4.03
113.68222108,34.58368284,152.09,225.38,4.03
113.68221798,34.58368024,152.07,225.47,4.03
113.68221488,34.58367764,152.05,225.57,4.03
113.68221178,34.58367504,152.05,225.67,4.03
113.68220870,34.58367241,152.04,225.71,4.03
113.68220561,34.58366978,152.03,225.75,4.03
113.68220251,34.58366715,152.02,225.82,4.03
113.68219942,34.58366452,152.01,225.87,4.03
113.68219634,34.58366189,152.00,225.90,4.03
113.68219326,34.58365924,151.99,225.93,4.03
113.68219019,34.58365660,151.98,225.96,4.03
113.68218711,34.58365396,151.97,226.00,4.03
113.68218406,34.58365130,151.97,226.04,4.03
113.68218100,34.58364865,151.96,226.07,4.06
113.68217793,34.58364599,151.94,226.06,4.06
113.68217486,34.58364333,151.93,226.05,4.06
113.68217178,34.58364069,151.93,226.06,4.06
113.68216564,34.58363542,151.91,226.06,4.03
113.68216258,34.58363278,151.90,226.03,4.03
113.68215650,34.58362756,151.88,226.02,3.97
113.68215351,34.58362498,151.89,225.98,3.97
113.68215054,34.58362240,151.88,225.94,3.92
113.68214757,34.58361986,151.88,225.93,3.89
113.68214463,34.58361733,151.87,225.91,3.86
113.68214170,34.58361485,151.87,225.88,3.81
113.68213880,34.58361240,151.86,225.86,3.75
113.68213595,34.58360997,151.86,225.83,3.75
113.68213314,34.58360755,151.86,225.80,3.69
113.68212753,34.58360279,151.85,225.66,3.69
113.68212473,34.58360048,151.85,225.60,3.61
113.68212191,34.58359816,151.84,225.56,3.61
113.68211912,34.58359582,151.84,225.50,3.61
113.68211636,34.58359345,151.84,225.40,3.58
113.68211362,34.58359109,151.84,225.31,3.56
113.68211084,34.58358877,151.84,225.28,3.56
113.68210804,34.58358648,151.84,225.23,3.56
113.68210524,34.58358420,151.83,225.22,3.56
113.68210245,34.58358191,151.82,225.20,3.58
113.68209970,34.58357959,151.81,225.13,3.58
113.68209697,34.58357724,151.80,225.08,3.58
113.68209421,34.58357493,151.80,225.07,3.58
113.68209143,34.58357263,151.79,225.05,3.56
113.68208865,34.58357033,151.78,225.03,3.56
113.68208586,34.58356803,151.78,225.04,3.56
113.68208309,34.58356573,151.77,225.01,3.58
113.68208032,34.58356342,151.76,224.98,3.56
113.68207754,34.58356113,151.75,225.01,3.56
113.68207476,34.58355884,151.75,225.00,3.56
113.68207198,34.58355654,151.74,224.97,3.56
113.68206926,34.58355421,151.73,224.97,3.56
113.68206652,34.58355189,151.72,224.96,3.56
113.68206375,34.58354959,151.72,224.97,3.58
113.68206098,34.58354730,151.71,224.97,3.58
113.68205820,34.58354501,151.70,224.99,3.56
113.68205542,34.58354272,151.70,225.04,3.56
113.68205265,34.58354044,151.69,225.09,3.56
113.68204990,34.58353814,151.68,225.12,3.56
113.68204715,34.58353585,151.68,225.15,3.56
113.68204442,34.58353355,151.67,225.20,3.56
113.68204172,34.58353125,151.66,225.24,3.56
113.68203899,34.58352895,151.66,225.28,3.56
113.68203625,34.58352666,151.65,225.33,3.56
113.68203351,34.58352437,151.64,225.39,3.56
113.68203078,34.58352207,151.63,225.43,3.56
113.68202805,34.58351977,151.63,225.48,3.56
113.68202533,34.58351747,151.62,225.54,3.53
113.68202261,34.58351517,151.61,225.62,3.53
113.68201990,34.58351287,151.61,225.67,3.53
113.68201721,34.58351056,151.60,225.72,3.53
113.68201455,34.58350825,151.58,225.78,3.53
113.68201187,34.58350594,151.57,225.85,3.53
113.68200916,34.58350364,151.57,225.91,3.53
113.68200646,34.58350133,151.56,225.97,3.53
113.68200377,34.58349901,151.55,226.03,3.53
113.68200108,34.58349668,151.54,226.08,3.53
113.68199839,34.58349436,151.53,226.13,3.53
113.68199300,34.58348972,151.51,226.25,3.53
113.68199031,34.58348740,151.51,226.30,3.53
113.68198765,34.58348506,151.51,226.34,3.53
113.68198498,34.58348272,151.50,226.35,3.53
113.68198231,34.58348039,151.49,226.34,3.53
113.68197962,34.58347806,151.49,226.34,3.53
113.68197693,34.58347574,151.48,226.34,3.53
113.68197425,34.58347342,151.47,226.33,3.53
113.68197157,34.58347109,151.47,226.31,3.53
113.68196890,34.58346877,151.46,226.29,3.53
113.68196623,34.58346645,151.45,226.27,3.53
113.68196355,34.58346414,151.45,226.26,3.50
113.68196090,34.58346183,151.44,226.24,3.50
113.68195823,34.58345953,151.44,226.24,3.50
113.68195556,34.58345722,151.43,226.21,3.50
113.68195290,34.58345491,151.42,226.18,3.50
113.68195022,34.58345261,151.42,226.17,3.50
113.68194754,34.58345032,151.41,226.15,3.50
113.68194488,34.58344802,151.40,226.13,3.47
113.68194221,34.58344573,151.40,226.12,3.50
113.68193955,34.58344343,151.39,226.08,3.50
113.68193691,34.58344114,151.38,226.06,3.50
113.68193425,34.58343886,151.37,226.05,3.47
113.68193158,34.58343661,151.37,226.02,3.47
113.68192894,34.58343436,151.37,226.02,3.47
113.68192633,34.58343210,151.36,225.98,3.42
113.68192374,34.58342983,151.36,225.97,3.42
113.68192115,34.58342760,151.35,225.97,3.42
113.68191858,34.58342537,151.34,225.93,3.39
113.68191600,34.58342316,151.34,225.98,3.36
113.68191342,34.58342097,151.33,226.03,3.36
113.68191086,34.58341876,151.32,226.01,3.36
113.68190833,34.58341653,151.32,226.00,3.36
113.68190582,34.58341432,151.32,226.04,3.31
113.68190330,34.58341213,151.31,226.06,3.31
113.68190079,34.58340995,151.31,226.07,3.33
113.68189828,34.58340778,151.30,226.10,3.28
113.68189579,34.58340563,151.29,226.13,3.31
113.68189332,34.58340347,151.28,226.12,3.25
113.68189084,34.58340133,151.26,226.14,3.28
113.68188838,34.58339921,151.26,226.16,3.22
113.68188593,34.58339708,151.25,226.14,3.22
113.68188111,34.58339289,151.24,226.09,3.19
113.68187870,34.58339079,151.23,226.04,3.19
113.68187630,34.58338871,151.22,226.01,3.17
113.68187390,34.58338664,151.22,225.99,3.17
113.68187151,34.58338459,151.21,225.97,3.14
113.68186913,34.58338256,151.20,225.95,3.08
113.68186676,34.58338054,151.19,225.90,3.08
113.68186441,34.58337853,151.18,225.88,3.08
113.68186206,34.58337653,151.18,225.87,3.06
113.68185969,34.58337454,151.17,225.83,3.06
113.68185736,34.58337256,151.16,225.80,3.06
113.68185506,34.58337060,151.15,225.78,3.00
113.68185278,34.58336866,151.14,225.75,2.97
113.68185052,34.58336674,151.14,225.73,2.94
113.68184827,34.58336483,151.13,225.71,2.92
113.68184603,34.58336294,151.12,225.70,2.92
113.68184382,34.58336105,151.12,225.68,2.89
113.68184163,34.58335918,151.11,225.65,2.86
113.68183945,34.58335732,151.10,225.63,2.86
113.68183727,34.58335546,151.09,225.60,2.83
113.68183511,34.58335363,151.08,225.58,2.78
113.68183298,34.58335182,151.07,225.56,2.78
113.68183087,34.58335003,151.07,225.54,2.75
113.68182877,34.58334825,151.06,225.52,2.72
113.68182669,34.58334648,151.05,225.48,2.72
113.68182463,34.58334472,151.04,225.46,2.72
113.68182256,34.58334298,151.03,225.45,2.69
113.68182051,34.58334125,151.03,225.41,2.67
113.68181847,34.58333954,151.02,225.39,2.67
113.68181640,34.58333785,151.02,225.38,2.64
113.68181435,34.58333614,151.02,225.36,2.64
113.68181230,34.58333442,151.01,225.32,2.64
113.68181026,34.58333269,151.00,225.31,2.67
113.68180820,34.58333095,150.99,225.27,2.67
113.68180612,34.58332921,150.98,225.23,2.69
113.68180403,34.58332746,150.97,225.21,2.69
113.68180192,34.58332570,150.97,225.20,2.72
113.68179979,34.58332394,150.96,225.17,2.72
113.68179765,34.58332218,150.95,225.14,2.75
113.68179548,34.58332038,150.95,225.13,2.75
113.68179331,34.58331856,150.94,225.10,2.75
113.68179116,34.58331674,150.94,225.05,2.78
113.68178899,34.58331493,150.93,225.04,2.78
113.68178683,34.58331315,150.92,225.05,2.81
113.68178469,34.58331137,150.92,225.02,2.81
113.68178253,34.58330957,150.91,225.03,2.81
113.68178033,34.58330775,150.90,225.07,2.78
113.68177812,34.58330594,150.89,225.07,2.81
113.68177591,34.58330411,150.88,225.04,2.83
113.68177369,34.58330226,150.88,225.06,2.86
113.68177147,34.58330042,150.88,225.08,2.86
113.68176926,34.58329858,150.87,225.06,2.86
113.68176706,34.58329676,150.87,225.08,2.83
113.68176486,34.58329494,150.87,225.08,2.81
113.68176268,34.58329310,150.87,225.08,2.83
113.68176048,34.58329126,150.85,225.09,2.89
113.68175826,34.58328943,150.83,225.10,2.92
113.68175603,34.58328758,150.82,225.12,2.89
113.68175379,34.58328574,150.81,225.16,2.86
113.68175153,34.58328389,150.81,225.20,2.86
113.68174929,34.58328205,150.81,225.23,2.86
113.68174707,34.58328019,150.80,225.26,2.86
113.68174485,34.58327833,150.80,225.31,2.86
113.68174264,34.58327647,150.79,225.34,2.86
113.68174041,34.58327460,150.78,225.39,2.86
113.68173819,34.58327273,150.78,225.42,2.89
113.68173596,34.58327085,150.77,225.46,2.89
113.68173372,34.58326898,150.77,225.52,2.89
113.68173147,34.58326709,150.76,225.56,2.89
113.68172918,34.58326518,150.76,225.60,2.89
113.68172691,34.58326326,150.75,225.63,2.89
113.68172465,34.58326135,150.75,225.67,2.89
113.68172239,34.58325945,150.74,225.72,2.89
113.68172014,34.58325754,150.73,225.74,2.92
113.68171790,34.58325562,150.73,225.78,2.92
113.68171567,34.58325371,150.72,225.84,2.89
113.68171346,34.58325179,150.71,225.87,2.89
113.68171125,34.58324988,150.71,225.88,2.89
113.68170902,34.58324799,150.70,225.90,2.89
113.68170675,34.58324611,150.69,225.93,2.89
113.68170451,34.58324423,150.68,225.95,2.86
113.68170234,34.58324232,150.67,225.98,2.89
113.68170017,34.58324043,150.66,225.97,2.89
113.68169798,34.58323854,150.65,225.96,2.89
113.68169581,34.58323665,150.65,225.96,2.89
113.68169363,34.58323475,150.64,225.98,2.86
113.68169145,34.58323287,150.63,225.99,2.86
113.68168925,34.58323100,150.62,226.02,2.86
113.68168704,34.58322914,150.61,226.06,2.89
113.68168487,34.58322724,150.59,226.00,2.89
113.68168271,34.58322531,150.58,226.00,2.89
113.68168052,34.58322341,150.58,226.08,2.86
113.68167834,34.58322153,150.57,226.05,2.86
113.68167617,34.58321965,150.56,226.03,2.86
113.68167398,34.58321780,150.55,226.10,2.86
113.68167179,34.58321595,150.55,226.11,2.86
113.68166963,34.58321408,150.54,226.09,2.86
113.68166747,34.58321221,150.53,226.13,2.86
113.68166530,34.58321034,150.52,226.13,2.86
113.68166311,34.58320848,150.52,226.11,2.86
113.68166092,34.58320663,150.52,226.13,2.86
113.68165876,34.58320478,150.51,226.14,2.83
113.68165661,34.58320293,150.50,226.14,2.83
113.68165447,34.58320110,150.50,226.15,2.81
113.68165233,34.58319928,150.50,226.15,2.81
113.68165020,34.58319745,150.49,226.14,2.78
113.68164808,34.58319562,150.48,226.13,2.78
113.68164595,34.58319382,150.48,226.13,2.78
113.68164385,34.58319200,150.48,226.12,2.75
113.68164177,34.58319016,150.48,226.10,2.72
113.68163970,34.58318836,150.48,226.10,2.72
113.68163766,34.58318660,150.48,226.08,2.67
113.68163563,34.58318486,150.47,226.07,2.67
113.68163362,34.58318313,150.47,226.06,2.64
113.68163163,34.58318141,150.46,226.05,2.61
113.68162965,34.58317971,150.46,226.03,2.58
113.68162768,34.58317803,150.45,226.01,2.58
113.68162572,34.58317635,150.45,225.98,2.58
113.68162379,34.58317470,150.44,225.95,2.53
113.68162186,34.58317308,150.43,225.92,2.50
113.68161994,34.58317146,150.42,225.89,2.50
113.68161803,34.58316984,150.42,225.85,2.50
113.68161614,34.58316822,150.41,225.80,2.47
113.68161426,34.58316661,150.41,225.74,2.44
113.68161239,34.58316501,150.40,225.68,2.44
113.68161051,34.58316342,150.39,225.60,2.44
113.68160865,34.58316185,150.39,225.53,2.42
113.68160679,34.58316028,150.39,225.46,2.42
113.68160493,34.58315872,150.38,225.37,2.39
113.68160306,34.58315718,150.38,225.28,2.39
113.68160120,34.58315564,150.37,225.18,2.39
113.68159936,34.58315411,150.36,225.08,2.39
113.68159752,34.58315258,150.36,224.98,2.36
113.68159568,34.58315107,150.35,224.88,2.36
113.68159385,34.58314957,150.35,224.77,2.36
113.68159202,34.58314807,150.35,224.66,2.36
113.68159018,34.58314657,150.34,224.55,2.33
113.68158835,34.58314507,150.34,224.42,2.33
113.68158653,34.58314356,150.33,224.26,2.33
113.68158470,34.58314205,150.33,224.10,2.33
113.68158285,34.58314056,150.33,223.93,2.33
113.68158100,34.58313908,150.32,223.75,2.33
113.68157914,34.58313761,150.32,223.57,2.33
113.68157540,34.58313467,150.31,223.16,2.33
113.68157351,34.58313322,150.30,222.97,2.33
113.68157162,34.58313177,150.30,222.77,2.33
113.68156973,34.58313031,150.29,222.54,2.33
113.68156593,34.58312739,150.28,222.05,2.33
113.68156401,34.58312594,150.28,221.78,2.33
113.68156206,34.58312451,150.27,221.48,2.33
113.68156010,34.58312309,150.27,221.20,2.36
113.68155813,34.58312167,150.26,220.92,2.36
113.68155616,34.58312025,150.25,220.63,2.36
113.68155417,34.58311883,150.25,220.34,2.36
113.68155217,34.58311743,150.24,220.04,2.36
113.68155015,34.58311602,150.24,219.75,2.36
113.68154813,34.58311462,150.23,219.46,2.39
113.68154608,34.58311320,150.22,219.16,2.39
113.68154402,34.58311180,150.22,218.86,2.39
113.68154195,34.58311041,150.21,218.56,2.39
113.68153985,34.58310903,150.21,218.25,2.39
113.68153774,34.58310766,150.20,217.93,2.42
113.68153562,34.58310629,150.19,217.63,2.42
113.68153348,34.58310493,150.19,217.33,2.42
113.68153133,34.58310358,150.18,217.00,2.42
113.68152917,34.58310223,150.17,216.68,2.44
113.68152699,34.58310090,150.17,216.37,2.44
113.68152482,34.58309957,150.16,216.06,2.44
113.68152263,34.58309825,150.16,215.75,2.44
113.68152041,34.58309693,150.15,215.43,2.47
113.68151818,34.58309561,150.14,215.12,2.47
113.68151594,34.58309430,150.14,214.80,2.47
113.68151370,34.58309301,150.13,214.49,2.47
113.68151144,34.58309174,150.13,214.17,2.47
113.68150918,34.58309047,150.12,213.86,2.47
113.68150690,34.58308922,150.11,213.55,2.47
113.68150462,34.58308798,150.11,213.24,2.47
113.68150233,34.58308676,150.10,212.93,2.47
113.68150005,34.58308555,150.09,212.59,2.47
113.68149775,34.58308434,150.09,212.22,2.47
113.68149545,34.58308315,150.08,211.81,2.44
113.68149314,34.58308198,150.08,211.35,2.44
113.68149083,34.58308084,150.07,210.90,2.44
113.68148853,34.58307972,150.07,210.50,2.42
113.68148625,34.58307859,150.07,210.03,2.42
113.68148397,34.58307747,150.07,209.47,2.42
113.68148167,34.58307639,150.06,208.94,2.42
113.68147936,34.58307534,150.05,208.39,2.39
113.68147704,34.58307431,150.05,207.80,2.39
113.68147470,34.58307330,150.05,207.19,2.39
113.68147236,34.58307229,150.04,206.52,2.39
113.68146999,34.58307133,150.04,205.82,2.39
113.68146759,34.58307043,150.04,205.06,2.39
113.68146520,34.58306954,150.04,204.21,2.39
113.68146282,34.58306865,150.05,203.28,2.36
113.68146044,34.58306779,150.05,202.36,2.36
113.68145805,34.58306697,150.05,201.46,2.36
113.68145567,34.58306620,150.05,200.53,2.36
113.68145326,34.58306546,150.05,199.61,2.36
113.68145083,34.58306476,150.05,198.71,2.36
113.68144839,34.58306408,150.05,197.77,2.36
113.68144593,34.58306344,150.05,196.86,2.36
113.68144346,34.58306284,150.05,195.98,2.36
113.68144098,34.58306228,150.05,195.07,2.33
113.68143850,34.58306173,150.06,194.16,2.33
113.68143602,34.58306122,150.05,193.31,2.33
113.68143353,34.58306073,150.06,192.44,2.33
113.68143103,34.58306026,150.06,191.57,2.33
113.68142853,34.58305984,150.06,190.75,2.33
113.68142602,34.58305946,150.06,189.97,2.33
113.68142351,34.58305910,150.06,189.19,2.31
113.68142099,34.58305877,150.06,188.43,2.31
113.68141846,34.58305847,150.06,187.71,2.31
113.68141593,34.58305819,150.06,187.03,2.31
113.68141340,34.58305794,150.06,186.38,2.31
113.68141087,34.58305772,150.07,185.74,2.31
113.68140833,34.58305752,150.07,185.15,2.31
113.68140580,34.58305733,150.07,184.58,2.31
113.68140327,34.58305717,150.08,184.04,2.31
113.68140074,34.58305702,150.08,183.49,2.31
113.68139820,34.58305689,150.08,182.99,2.31
113.68139565,34.58305678,150.08,182.54,2.31
113.68139311,34.58305667,150.08,182.05,2.31
113.68139056,34.58305659,150.08,181.57,2.31
113.68138801,34.58305654,150.08,181.13,2.31
113.68138547,34.58305651,150.08,180.70,2.31
113.68138291,34.58305650,150.08,180.28,2.31
113.68138035,34.58305650,150.09,179.86,2.31
113.68137779,34.58305651,150.09,179.48,2.31
113.68137524,34.58305653,150.09,179.07,2.31
113.68137269,34.58305656,150.09,178.66,2.31
113.68137014,34.58305660,150.09,178.27,2.31
113.68136760,34.58305666,150.09,177.87,2.31
113.68136505,34.58305673,150.09,177.46,2.31
113.68136252,34.58305682,150.09,177.06,2.31
113.68135999,34.58305694,150.09,176.68,2.31
113.68135747,34.58305708,150.09,176.29,2.31
113.68135494,34.58305722,150.09,175.91,2.28
113.68135242,34.58305736,150.09,175.52,2.28
113.68134990,34.58305751,150.09,175.12,2.28
113.68134740,34.58305769,150.09,174.70,2.28
113.68134489,34.58305788,150.09,174.23,2.25
113.68134238,34.58305809,150.09,173.77,2.25
113.68133988,34.58305832,150.09,173.30,2.25
113.68133740,34.58305857,150.09,172.76,2.25
113.68133493,34.58305883,150.09,172.22,2.25
113.68133247,34.58305913,150.09,171.68,2.25
113.68133001,34.58305945,150.09,171.09,2.25
113.68132758,34.58305977,150.09,170.49,2.25
113.68132518,34.58306011,150.09,169.95,2.22
113.68132280,34.58306046,150.09,169.36,2.19
113.68131812,34.58306120,150.09,168.16,2.14
113.68131580,34.58306160,150.09,167.58,2.14
113.68131351,34.58306203,150.09,167.01,2.11
113.68130899,34.58306294,150.09,165.91,2.11
113.68130672,34.58306341,150.09,165.34,2.08
113.68130449,34.58306389,150.09,164.74,2.08
113.68130230,34.58306439,150.09,164.08,2.08
113.68130014,34.58306491,150.09,163.41,2.06
113.68129801,34.58306546,150.09,162.70,2.03
113.68129589,34.58306602,150.09,161.94,2.03
113.68129379,34.58306659,150.08,161.12,2.03
113.68129170,34.58306719,150.08,160.25,2.03
113.68128964,34.58306780,150.08,159.36,2.03
113.68128758,34.58306845,150.08,158.42,2.03
113.68128551,34.58306913,150.08,157.41,2.00
113.68128348,34.58306984,150.07,156.33,2.00
113.68128150,34.58307057,150.07,155.18,2.00
113.68127955,34.58307133,150.07,153.96,2.00
113.68127763,34.58307213,150.07,152.66,1.97
113.68127574,34.58307296,150.07,151.35,1.97
113.68127390,34.58307382,150.07,150.01,1.97
113.68127208,34.58307470,150.07,148.65,1.97
113.68127030,34.58307561,150.06,147.24,1.97
113.68126855,34.58307655,150.06,145.82,1.94
113.68126681,34.58307751,150.06,144.38,1.94
113.68126513,34.58307850,150.07,142.91,1.94
113.68126353,34.58307951,150.07,141.42,1.92
113.68126201,34.58308055,150.07,139.88,1.89
113.68126055,34.58308160,150.07,138.31,1.86
113.68125914,34.58308268,150.06,136.76,1.83
113.68125778,34.58308377,150.06,135.19,1.81
113.68125648,34.58308487,150.06,133.61,1.81
113.68125524,34.58308599,150.06,132.05,1.78
113.68125402,34.58308710,150.05,130.50,1.75
113.68125279,34.58308822,150.06,128.96,1.72
113.68125164,34.58308936,150.05,127.45,1.69
113.68125059,34.58309051,150.05,125.97,1.69
113.68124959,34.58309167,150.05,124.48,1.67
113.68124865,34.58309284,150.05,123.00,1.64
113.68124777,34.58309401,150.05,121.58,1.61
113.68124694,34.58309516,150.05,120.20,1.58
113.68124617,34.58309631,150.06,118.81,1.53
113.68124544,34.58309745,150.05,117.45,1.53
113.68124474,34.58309857,150.05,116.16,1.47
113.68124406,34.58309970,150.05,114.86,1.42
113.68124344,34.58310080,150.05,113.60,1.42
113.68124290,34.58310188,150.05,112.42,1.36
113.68124239,34.58310294,150.05,111.19,1.33
113.68124191,34.58310398,150.05,110.00,1.33
113.68124149,34.58310501,150.05,108.95,1.28
113.68124110,34.58310602,150.05,107.85,1.25
113.68124041,34.58310796,150.05,105.79,1.17
113.68123974,34.58310983,150.04,103.92,1.11
113.68123920,34.58311162,150.04,102.22,1.06
113.68123880,34.58311333,150.04,100.63,1.00
113.68123852,34.58311493,150.05,99.23,0.89
113.68123815,34.58311701,150.05,97.39,0.69
113.68123789,34.58311806,150.07,96.47,0.56
113.68123772,34.58311911,150.07,95.58,0.36
113.68123742,34.58312029,150.07,95.28,0.17
113.68123727,34.58312142,150.08,95.31,0.61
113.68123706,34.58312300,150.09,95.31,0.86
113.68123679,34.58312497,150.09,95.33,1.11
113.68123672,34.58312603,150.10,95.34,1.17
113.68123663,34.58312719,150.11,95.28,1.25
113.68123651,34.58312842,150.11,95.26,1.31
113.68123637,34.58312968,150.12,95.27,1.33
113.68123619,34.58313095,150.13,95.20,1.39
113.68123599,34.58313222,150.13,95.13,1.39
113.68123581,34.58313349,150.14,95.12,1.39
113.68123564,34.58313474,150.14,95.09,1.36
113.68123550,34.58313597,150.15,95.01,1.33
113.68123541,34.58313717,150.15,94.89,1.33
113.68123535,34.58313832,150.16,94.78,1.31
113.68123524,34.58313948,150.17,94.66,1.28
113.68123509,34.58314065,150.17,94.56,1.25
113.68123493,34.58314181,150.18,94.39,1.25
113.68123478,34.58314297,150.18,94.23,1.25
113.68123466,34.58314412,150.19,94.15,1.25
113.68123456,34.58314527,150.19,94.01,1.22
113.68123443,34.58314642,150.20,93.79,1.22
113.68123431,34.58314758,150.20,93.66,1.25
113.68123421,34.58314873,150.20,93.56,1.25
113.68123421,34.58314985,150.20,93.43,1.25
113.68123420,34.58315100,150.21,93.29,1.25
113.68123415,34.58315218,150.21,93.17,1.25
113.68123407,34.58315337,150.22,93.03,1.25
113.68123395,34.58315454,150.23,92.88,1.25
113.68123384,34.58315569,150.24,92.77,1.25
113.68123374,34.58315685,150.24,92.62,1.25
113.68123363,34.58315801,150.25,92.42,1.25
113.68123356,34.58315916,150.26,92.35,1.22
113.68123350,34.58316030,150.26,92.28,1.22
113.68123347,34.58316143,150.26,92.09,1.25
113.68123343,34.58316260,150.26,91.95,1.28
113.68123338,34.58316379,150.26,91.85,1.28
113.68123331,34.58316501,150.27,91.73,1.31
113.68123325,34.58316624,150.27,91.62,1.33
113.68123321,34.58316749,150.27,91.53,1.33
113.68123316,34.58316875,150.27,91.42,1.36
113.68123311,34.58317004,150.27,91.28,1.39
113.68123306,34.58317133,150.27,91.19,1.39
113.68123301,34.58317264,150.27,91.12,1.42
113.68123301,34.58317395,150.28,91.05,1.42
113.68123300,34.58317529,150.28,90.95,1.47
113.68123297,34.58317665,150.28,90.83,1.47
113.68123294,34.58317803,150.28,90.75,1.47
113.68123291,34.58317943,150.29,90.66,1.47
113.68123288,34.58318083,150.29,90.56,1.53
113.68123284,34.58318224,150.29,90.43,1.53
113.68123279,34.58318367,150.29,90.37,1.53
113.68123278,34.58318512,150.29,90.29,1.56
113.68123277,34.58318658,150.29,90.17,1.58
113.68123279,34.58318804,150.29,90.11,1.61
113.68123279,34.58318951,150.30,90.10,1.61
113.68123278,34.58319099,150.30,89.98,1.61
113.68123276,34.58319247,150.30,89.94,1.61
113.68123276,34.58319396,150.30,89.96,1.61
113.68123274,34.58319545,150.31,89.87,1.61
113.68123274,34.58319694,150.31,89.82,1.61
113.68123275,34.58319844,150.31,89.82,1.61
113.68123276,34.58319994,150.31,89.76,1.61
113.68123276,34.58320143,150.31,89.72,1.64
113.68123278,34.58320294,150.31,89.71,1.64
113.68123280,34.58320445,150.31,89.69,1.64
113.68123279,34.58320593,150.31,89.62,1.61
113.68123279,34.58320739,150.31,89.64,1.61
113.68123280,34.58320883,150.32,89.63,1.58
113.68123280,34.58321025,150.32,89.58,1.53
113.68123280,34.58321164,150.32,89.56,1.50
113.68123284,34.58321301,150.32,89.62,1.50
113.68123284,34.58321438,150.32,89.57,1.47
113.68123282,34.58321573,150.32,89.53,1.47
113.68123281,34.58321708,150.33,89.59,1.47
113.68123280,34.58321974,150.34,89.53,1.44
113.68123281,34.58322105,150.34,89.52,1.44
113.68123283,34.58322235,150.34,89.56,1.44
113.68123282,34.58322364,150.34,89.52,1.42
113.68123282,34.58322493,150.35,89.50,1.42
113.68123284,34.58322621,150.35,89.57,1.39
113.68123284,34.58322870,150.35,89.51,1.33
113.68123284,34.58322994,150.36,89.53,1.33
113.68123285,34.58323115,150.36,89.57,1.31
113.68123284,34.58323232,150.36,89.57,1.28
113.68123283,34.58323346,150.36,89.55,1.25
113.68123285,34.58323457,150.36,89.57,1.19
113.68123288,34.58323564,150.36,89.56,1.14
113.68123288,34.58323665,150.37,89.52,1.08
113.68123287,34.58323848,150.36,89.56,0.94
113.68123287,34.58324000,150.37,89.53,0.75
113.68123286,34.58324110,150.38,89.54,0.56
113.68123283,34.58324215,150.39,89.50,0.03
113.68123284,34.58324353,150.39,89.53,0.42
113.68123286,34.58324500,150.39,89.55,0.53
113.68123293,34.58324615,150.38,89.61,0.58
113.68123294,34.58324742,150.38,89.59,0.67
113.68123294,34.58324879,150.38,89.64,0.72
113.68123292,34.58325028,150.38,89.63,0.78
113.68123294,34.58325184,150.38,89.70,0.83
113.68123293,34.58325343,150.38,89.74,0.86
113.68123290,34.58325518,150.38,89.73,0.94
113.68123289,34.58325701,150.38,89.80,0.97
113.68123291,34.58325893,150.38,89.82,1.03
113.68123287,34.58326094,150.37,89.87,1.08
113.68123288,34.58326196,150.37,89.90,1.11
113.68123291,34.58326301,150.37,89.93,1.11
113.68123293,34.58326407,150.37,89.95,1.14
113.68123292,34.58326514,150.38,89.94,1.17
113.68123289,34.58326625,150.38,89.96,1.17
113.68123289,34.58326737,150.38,90.02,1.19
113.68123290,34.58326852,150.38,90.04,1.19
113.68123292,34.58326968,150.38,90.05,1.25
113.68123293,34.58327085,150.38,90.08,1.25
113.68123293,34.58327205,150.38,90.10,1.28
113.68123293,34.58327326,150.39,90.15,1.31
113.68123292,34.58327450,150.39,90.17,1.33
113.68123291,34.58327576,150.39,90.18,1.33
113.68123291,34.58327704,150.39,90.20,1.36
113.68123292,34.58327834,150.39,90.22,1.42
113.68123290,34.58327965,150.39,90.24,1.42
113.68123288,34.58328096,150.39,90.28,1.42
113.68123287,34.58328226,150.39,90.32,1.42
113.68123285,34.58328356,150.39,90.33,1.42
113.68123284,34.58328485,150.40,90.36,1.42
113.68123280,34.58328611,150.41,90.42,1.39
113.68123276,34.58328736,150.41,90.44,1.39
113.68123274,34.58328862,150.42,90.46,1.39
113.68123272,34.58328988,150.42,90.49,1.39
113.68123271,34.58329113,150.42,90.52,1.39
113.68123270,34.58329238,150.42,90.56,1.36
113.68123271,34.58329363,150.42,90.59,1.33
113.68123271,34.58329487,150.42,90.58,1.33
113.68123269,34.58329611,150.42,90.59,1.33
113.68123267,34.58329733,150.42,90.65,1.33
113.68123268,34.58329856,150.43,90.66,1.33
113.68123269,34.58329976,150.43,90.69,1.31
113.68123270,34.58330092,150.43,90.73,1.25
113.68123270,34.58330206,150.44,90.72,1.25
113.68123268,34.58330317,150.44,90.72,1.19
113.68123266,34.58330426,150.44,90.81,1.19
113.68123264,34.58330534,150.44,90.82,1.17
113.68123261,34.58330639,150.44,90.80,1.14
113.68123261,34.58330743,150.44,90.85,1.14
113.68123259,34.58330844,150.44,90.89,1.11
113.68123242,34.58331037,150.44,90.92,1.00
113.68123234,34.58331210,150.45,90.96,0.92
113.68123234,34.58331361,150.45,90.97,0.78
113.68123229,34.58331476,150.45,90.98,0.58
113.68123227,34.58331586,150.46,91.02,0.36
