113.68380987,34.58482721,151.74,110.45,0.00
113.68380855,34.58482996,151.75,110.50,0.00
113.68380806,34.58483103,151.75,110.49,0.56
113.68380751,34.58483223,151.75,110.49,0.64
113.68380691,34.58483355,151.75,110.50,0.72
113.68380625,34.58483499,151.76,110.49,0.78
113.68380555,34.58483650,151.76,110.49,0.86
113.68380482,34.58483812,151.76,110.48,0.89
113.68380404,34.58483981,151.76,110.48,0.92
113.68380324,34.58484157,151.76,110.49,1.00
113.68380261,34.58484294,151.76,110.49,1.03
113.68380155,34.58484529,151.76,110.50,1.06
113.68380068,34.58484724,151.77,110.51,1.11
113.68379977,34.58484924,151.77,110.52,1.14
113.68379930,34.58485026,151.77,110.52,1.14
113.68379885,34.58485128,151.77,110.55,1.14
113.68379838,34.58485231,151.77,110.58,1.17
113.68379768,34.58485386,151.77,110.61,1.17
113.68379721,34.58485490,151.77,110.63,1.19
113.68379673,34.58485595,151.77,110.66,1.19
113.68379625,34.58485701,151.77,110.69,1.19
113.68379576,34.58485807,151.77,110.71,1.19
113.68379527,34.58485913,151.77,110.75,1.19
113.68379478,34.58486021,151.77,110.77,1.22
113.68379402,34.58486184,151.77,110.80,1.25
113.68379351,34.58486293,151.77,110.83,1.25
113.68379300,34.58486403,151.77,110.86,1.25
113.68379224,34.58486568,151.77,110.91,1.25
113.68379174,34.58486677,151.77,110.94,1.28
113.68379122,34.58486788,151.77,110.97,1.28
113.68379070,34.58486898,151.77,111.01,1.28
113.68379017,34.58487009,151.77,111.06,1.28
113.68378965,34.58487121,151.77,111.09,1.28
113.68378913,34.58487234,151.77,111.12,1.31
113.68378859,34.58487347,151.77,111.18,1.31
113.68378805,34.58487461,151.77,111.24,1.31
113.68378753,34.58487574,151.77,111.29,1.31
113.68378699,34.58487689,151.77,111.36,1.31
113.68378645,34.58487803,151.77,111.44,1.33
113.68378590,34.58487916,151.77,111.51,1.33
113.68378534,34.58488031,151.77,111.60,1.33
113.68378478,34.58488146,151.77,111.69,1.33
113.68378422,34.58488262,151.77,111.78,1.33
113.68378366,34.58488378,151.77,111.88,1.33
113.68378280,34.58488552,151.77,112.06,1.33
113.68378194,34.58488726,151.77,112.28,1.33
113.68378137,34.58488843,151.77,112.42,1.33
113.68378078,34.58488959,151.77,112.56,1.33
113.68378022,34.58489076,151.77,112.70,1.36
113.68377962,34.58489193,151.77,112.86,1.36
113.68377905,34.58489309,151.77,113.00,1.36
113.68377845,34.58489426,151.77,113.15,1.36
113.68377756,34.58489602,151.77,113.41,1.36
113.68377694,34.58489719,151.77,113.58,1.39
113.68377632,34.58489836,151.76,113.75,1.39
113.68377541,34.58490012,151.76,114.03,1.39
113.68377480,34.58490129,151.76,114.22,1.39
113.68377416,34.58490246,151.76,114.40,1.39
113.68377354,34.58490363,151.76,114.60,1.39
113.68377289,34.58490479,151.76,114.81,1.39
113.68377225,34.58490595,151.77,115.02,1.39
113.68377059,34.58490886,151.77,115.57,1.39
113.68376959,34.58491060,151.77,115.92,1.39
113.68376891,34.58491175,151.77,116.14,1.39
113.68376823,34.58491290,151.77,116.40,1.39
113.68376754,34.58491404,151.77,116.68,1.39
113.68376685,34.58491519,151.77,116.95,1.39
113.68376615,34.58491633,151.77,117.25,1.39
113.68376543,34.58491747,151.77,117.59,1.39
113.68376472,34.58491860,151.77,117.90,1.39
113.68376363,34.58492030,151.77,118.35,1.39
113.68376289,34.58492143,151.77,118.71,1.39
113.68376180,34.58492312,151.77,119.25,1.39
113.68376103,34.58492424,151.77,119.61,1.39
113.68376027,34.58492536,151.77,119.99,1.39
113.68375949,34.58492647,151.77,120.38,1.39
113.68375871,34.58492758,151.77,120.74,1.42
113.68375790,34.58492868,151.77,121.12,1.42
113.68375710,34.58492979,151.77,121.53,1.42
113.68375627,34.58493088,151.77,121.91,1.42
113.68375544,34.58493198,151.77,122.30,1.42
113.68375461,34.58493307,151.77,122.73,1.42
113.68375379,34.58493416,151.77,123.17,1.42
113.68375294,34.58493524,151.77,123.58,1.42
113.68375207,34.58493631,151.77,124.02,1.42
113.68375075,34.58493790,151.77,124.76,1.42
113.68374941,34.58493948,151.77,125.46,1.42
113.68374850,34.58494053,151.77,125.93,1.42
113.68374760,34.58494157,151.77,126.44,1.42
113.68374666,34.58494261,151.77,126.93,1.42
113.68374572,34.58494364,151.77,127.43,1.42
113.68374476,34.58494467,151.77,127.95,1.42
113.68374378,34.58494569,151.77,128.46,1.42
113.68374278,34.58494671,151.77,128.96,1.44
113.68374128,34.58494826,151.77,129.74,1.47
113.68374026,34.58494930,151.77,130.24,1.47
113.68373869,34.58495085,151.77,131.02,1.47
113.68373761,34.58495188,151.77,131.54,1.47
113.68373650,34.58495290,151.77,132.03,1.50
113.68373540,34.58495394,151.77,132.54,1.50
113.68373427,34.58495497,151.77,133.08,1.53
113.68373311,34.58495599,151.76,133.61,1.53
113.68373195,34.58495702,151.76,134.14,1.53
113.68373076,34.58495804,151.77,134.68,1.56
113.68372958,34.58495906,151.77,135.22,1.56
113.68372835,34.58496006,151.77,135.74,1.56
113.68372712,34.58496107,151.77,136.29,1.56
113.68372521,34.58496256,151.76,137.14,1.61
113.68372327,34.58496406,151.76,137.97,1.61
113.68372196,34.58496506,151.76,138.55,1.61
113.68372062,34.58496604,151.76,139.13,1.64
113.68371925,34.58496703,151.76,139.71,1.64
113.68371716,34.58496850,151.76,140.62,1.67
113.68371501,34.58496995,151.77,141.52,1.69
113.68371354,34.58497092,151.77,142.13,1.69
113.68371206,34.58497189,151.77,142.74,1.69
113.68371054,34.58497284,151.77,143.36,1.72
113.68370901,34.58497379,151.77,143.97,1.75
113.68370744,34.58497473,151.77,144.60,1.75
113.68370586,34.58497567,151.77,145.23,1.78
113.68370426,34.58497661,151.77,145.85,1.81
113.68370263,34.58497753,151.77,146.49,1.81
113.68370014,34.58497889,151.77,147.46,1.81
113.68369760,34.58498023,151.76,148.44,1.83
113.68369586,34.58498112,151.76,149.12,1.86
113.68369410,34.58498200,151.76,149.79,1.86
113.68369233,34.58498286,151.76,150.46,1.89
113.68369053,34.58498370,151.76,151.16,1.92
113.68368870,34.58498453,151.76,151.86,1.92
113.68368688,34.58498536,151.76,152.57,1.94
113.68368501,34.58498617,151.76,153.28,1.94
113.68368218,34.58498735,151.76,154.35,1.94
113.68368026,34.58498812,151.76,155.10,1.94
113.68367735,34.58498924,151.76,156.22,1.97
113.68367537,34.58498997,151.76,156.98,1.97
113.68367337,34.58499069,151.76,157.77,2.00
113.68367136,34.58499139,151.76,158.55,2.00
113.68366931,34.58499206,151.76,159.34,2.03
113.68366722,34.58499270,151.75,160.14,2.03
113.68366408,34.58499363,151.75,161.41,2.08
113.68366196,34.58499423,151.76,162.25,2.08
113.68366089,34.58499452,151.76,162.66,2.08
113.68365874,34.58499506,151.76,163.47,2.08
113.68365660,34.58499558,151.76,164.35,2.08
113.68365444,34.58499608,151.76,165.21,2.08
113.68365226,34.58499654,151.75,166.07,2.11
113.68365007,34.58499701,151.75,166.95,2.11
113.68364788,34.58499744,151.75,167.82,2.11
113.68364567,34.58499784,151.75,168.71,2.11
113.68364344,34.58499822,151.74,169.62,2.11
113.68364004,34.58499872,151.74,170.96,2.11
113.68363890,34.58499889,151.73,171.41,2.14
113.68363663,34.58499919,151.73,172.31,2.17
113.68363433,34.58499946,151.73,173.18,2.17
113.68363202,34.58499968,151.73,174.04,2.17
113.68362972,34.58499988,151.73,174.93,2.17
113.68362741,34.58500003,151.74,175.79,2.17
113.68362511,34.58500016,151.73,176.62,2.17
113.68362281,34.58500028,151.74,177.42,2.17
113.68362051,34.58500036,151.74,178.16,2.14
113.68361822,34.58500043,151.73,178.90,2.14
113.68361592,34.58500048,151.73,179.63,2.14
113.68361361,34.58500049,151.73,180.28,2.14
113.68361015,34.58500048,151.73,181.18,2.11
113.68360784,34.58500045,151.73,181.80,2.11
113.68360669,34.58500043,151.73,182.10,2.11
113.68360438,34.58500037,151.73,182.68,2.11
113.68360206,34.58500029,151.73,183.23,2.11
113.68359974,34.58500018,151.73,183.80,2.11
113.68359742,34.58500005,151.73,184.38,2.11
113.68359509,34.58499990,151.73,184.96,2.11
113.68359275,34.58499972,151.74,185.54,2.11
113.68358925,34.58499944,151.74,186.43,2.11
113.68358693,34.58499923,151.74,187.03,2.11
113.68358577,34.58499912,151.74,187.33,2.14
113.68358344,34.58499887,151.74,187.96,2.14
113.68358112,34.58499861,151.75,188.62,2.14
113.68357882,34.58499832,151.75,189.27,2.14
113.68357653,34.58499802,151.75,189.93,2.14
113.68357424,34.58499770,151.75,190.64,2.14
113.68357195,34.58499735,151.75,191.38,2.14
113.68356968,34.58499696,151.75,192.11,2.14
113.68356742,34.58499657,151.75,192.84,2.14
113.68356398,34.58499594,151.75,193.96,2.14
113.68356169,34.58499549,151.75,194.71,2.17
113.68356057,34.58499527,151.75,195.09,2.17
113.68355831,34.58499477,151.76,195.86,2.17
113.68355606,34.58499424,151.76,196.63,2.17
113.68355382,34.58499369,151.76,197.40,2.17
113.68355157,34.58499312,151.77,198.17,2.17
113.68354933,34.58499252,151.77,198.93,2.17
113.68354710,34.58499189,151.77,199.70,2.17
113.68354486,34.58499123,151.77,200.46,2.17
113.68354264,34.58499054,151.78,201.24,2.17
113.68353930,34.58498949,151.78,202.37,2.17
113.68353818,34.58498911,151.78,202.75,2.22
113.68353595,34.58498836,151.78,203.53,2.22
113.68353373,34.58498758,151.78,204.31,2.22
113.68353153,34.58498675,151.78,205.06,2.22
113.68352824,34.58498547,151.78,206.20,2.22
113.68352714,34.58498503,151.79,206.59,2.22
113.68352495,34.58498413,151.79,207.34,2.25
113.68352278,34.58498320,151.79,208.08,2.25
113.68352060,34.58498224,151.79,208.86,2.25
113.68351843,34.58498127,151.78,209.65,2.25
113.68351627,34.58498025,151.78,210.42,2.28
113.68351412,34.58497922,151.78,211.22,2.28
113.68351092,34.58497761,151.79,212.40,2.28
113.68350878,34.58497650,151.79,213.17,2.31
113.68350773,34.58497594,151.78,213.56,2.31
113.68350562,34.58497479,151.78,214.35,2.31
113.68350354,34.58497361,151.78,215.14,2.33
113.68350145,34.58497242,151.78,215.93,2.33
113.68349939,34.58497119,151.78,216.71,2.33
113.68349532,34.58496866,151.78,218.34,2.36
113.68349330,34.58496734,151.79,219.15,2.36
113.68349033,34.58496533,151.78,220.37,2.36
113.68348836,34.58496395,151.78,221.19,2.36
113.68348544,34.58496184,151.78,222.42,2.39
113.68348354,34.58496041,151.78,223.23,2.39
113.68348165,34.58495894,151.78,224.05,2.39
113.68347979,34.58495747,151.79,224.90,2.39
113.68347797,34.58495597,151.79,225.73,2.39
113.68347616,34.58495445,151.79,226.56,2.39
113.68347438,34.58495289,151.79,227.37,2.39
113.68347264,34.58495133,151.79,228.19,2.39
113.68347093,34.58494974,151.79,229.02,2.39
113.68346923,34.58494812,151.79,229.83,2.39
113.68346757,34.58494649,151.79,230.65,2.39
113.68346512,34.58494400,151.79,231.91,2.39
113.68346273,34.58494147,151.79,233.16,2.39
113.68346118,34.58493977,151.80,234.00,2.39
113.68345966,34.58493804,151.80,234.83,2.39
113.68345818,34.58493629,151.80,235.66,2.39
113.68345673,34.58493453,151.80,236.49,2.39
113.68345531,34.58493275,151.80,237.29,2.39
113.68345391,34.58493095,151.80,238.07,2.39
113.68345186,34.58492823,151.81,239.27,2.39
113.68344987,34.58492546,151.81,240.41,2.39
113.68344860,34.58492360,151.81,241.16,2.39
113.68344736,34.58492173,151.81,241.94,2.39
113.68344614,34.58491982,151.81,242.68,2.39
113.68344495,34.58491790,151.81,243.37,2.39
113.68344379,34.58491597,151.81,244.03,2.39
113.68344265,34.58491401,151.81,244.71,2.39
113.68344154,34.58491206,151.81,245.37,2.39
113.68343988,34.58490910,151.81,246.28,2.39
113.68343828,34.58490612,151.82,247.20,2.42
113.68343726,34.58490413,151.82,247.83,2.42
113.68343628,34.58490212,151.82,248.43,2.42
113.68343529,34.58490008,151.82,249.03,2.42
113.68343436,34.58489804,151.82,249.66,2.42
113.68343343,34.58489599,151.82,250.28,2.42
113.68343255,34.58489393,151.81,250.88,2.42
113.68343167,34.58489185,151.81,251.52,2.42
113.68343041,34.58488873,151.81,252.45,2.44
113.68343001,34.58488768,151.82,252.75,2.44
113.68342921,34.58488558,151.82,253.37,2.44
113.68342845,34.58488348,151.82,253.99,2.44
113.68342772,34.58488137,151.82,254.61,2.44
113.68342699,34.58487924,151.82,255.24,2.44
113.68342631,34.58487711,151.82,255.86,2.44
113.68342564,34.58487496,151.82,256.49,2.44
113.68342501,34.58487281,151.82,257.13,2.44
113.68342443,34.58487066,151.82,257.76,2.44
113.68342385,34.58486848,151.82,258.40,2.44
113.68342332,34.58486631,151.82,259.03,2.44
113.68342280,34.58486411,151.82,259.65,2.44
113.68342231,34.58486193,151.82,260.28,2.47
113.68342186,34.58485974,151.82,260.91,2.47
113.68342142,34.58485752,151.82,261.54,2.47
113.68342101,34.58485530,151.82,262.18,2.47
113.68342064,34.58485309,151.82,262.82,2.50
113.68342027,34.58485085,151.82,263.47,2.50
113.68341997,34.58484864,151.82,264.11,2.50
113.68341968,34.58484640,151.82,264.73,2.50
113.68341932,34.58484310,151.82,265.66,2.50
113.68341919,34.58484199,151.82,265.97,2.50
113.68341902,34.58483981,151.82,266.54,2.44
113.68341887,34.58483764,151.82,267.11,2.44
113.68341874,34.58483546,151.82,267.66,2.42
113.68341865,34.58483332,151.82,268.16,2.39
113.68341855,34.58483117,151.82,268.63,2.39
113.68341848,34.58482905,151.82,269.12,2.36
113.68341842,34.58482693,151.82,269.58,2.36
113.68341840,34.58482483,151.82,270.00,2.36
113.68341840,34.58482165,151.82,270.59,2.33
113.68341843,34.58481953,151.82,270.92,2.33
113.68341846,34.58481848,151.83,271.07,2.31
113.68341851,34.58481637,151.83,271.37,2.31
113.68341854,34.58481425,151.83,271.62,2.31
113.68341862,34.58481213,151.83,271.80,2.31
113.68341869,34.58481000,151.83,271.97,2.31
113.68341877,34.58480787,151.82,272.10,2.33
113.68341888,34.58480574,151.82,272.13,2.33
113.68341897,34.58480359,151.82,272.11,2.33
113.68341905,34.58480144,151.82,272.02,2.33
113.68341914,34.58479928,151.82,271.91,2.36
113.68341923,34.58479712,151.81,271.79,2.36
113.68341932,34.58479496,151.81,271.66,2.36
113.68341937,34.58479278,151.80,271.50,2.39
113.68341942,34.58479060,151.80,271.31,2.39
113.68341948,34.58478842,151.79,271.09,2.39
113.68341953,34.58478622,151.79,270.81,2.42
113.68341959,34.58478403,151.78,270.47,2.42
113.68341961,34.58478182,151.78,270.09,2.42
113.68341960,34.58477962,151.78,269.65,2.42
113.68341958,34.58477740,151.77,269.16,2.42
113.68341953,34.58477519,151.77,268.64,2.42
113.68341947,34.58477298,151.77,268.09,2.42
113.68341932,34.58476964,151.77,267.24,2.44
113.68341925,34.58476853,151.77,266.95,2.44
113.68341910,34.58476629,151.76,266.35,2.44
113.68341894,34.58476405,151.76,265.71,2.44
113.68341876,34.58476181,151.76,265.07,2.44
113.68341853,34.58475956,151.76,264.45,2.47
113.68341825,34.58475731,151.76,263.81,2.47
113.68341794,34.58475506,151.76,263.15,2.47
113.68341760,34.58475282,151.76,262.52,2.47
113.68341724,34.58475057,151.76,261.87,2.47
113.68341665,34.58474716,151.76,260.85,2.50
113.68341620,34.58474488,151.76,260.19,2.50
113.68341597,34.58474375,151.76,259.85,2.53
113.68341548,34.58474145,151.76,259.16,2.53
113.68341498,34.58473917,151.76,258.45,2.53
113.68341442,34.58473688,151.76,257.71,2.56
113.68341382,34.58473459,151.76,256.93,2.56
113.68341317,34.58473229,151.76,256.11,2.56
113.68341249,34.58473001,151.76,255.25,2.58
113.68341177,34.58472773,151.76,254.38,2.58
113.68341062,34.58472430,151.76,253.01,2.58
113.68340978,34.58472202,151.76,252.09,2.58
113.68340935,34.58472088,151.76,251.61,2.64
113.68340846,34.58471860,151.76,250.64,2.64
113.68340752,34.58471634,151.76,249.70,2.64
113.68340653,34.58471409,151.76,248.73,2.64
113.68340550,34.58471186,151.76,247.71,2.64
113.68340440,34.58470965,151.77,246.69,2.64
113.68340325,34.58470745,151.77,245.67,2.64
113.68340207,34.58470526,151.77,244.63,2.64
113.68340082,34.58470309,151.77,243.61,2.64
113.68339886,34.58469986,151.77,242.14,2.64
113.68339751,34.58469769,151.77,241.13,2.67
113.68339682,34.58469662,151.77,240.64,2.67
113.68339538,34.58469450,151.78,239.70,2.67
113.68339389,34.58469238,151.78,238.75,2.67
113.68339236,34.58469028,151.78,237.82,2.69
113.68339076,34.58468820,151.79,236.94,2.69
113.68338914,34.58468612,151.79,236.06,2.72
113.68338748,34.58468405,151.79,235.21,2.72
113.68338576,34.58468199,151.79,234.48,2.72
113.68338314,34.58467891,151.80,233.35,2.72
113.68338135,34.58467689,151.80,232.70,2.75
113.68337859,34.58467392,151.80,231.87,2.75
113.68337674,34.58467195,151.80,231.31,2.75
113.68337485,34.58466999,151.81,230.85,2.75
113.68337295,34.58466806,151.81,230.44,2.72
113.68337103,34.58466611,151.81,230.04,2.72
113.68336909,34.58466416,151.81,229.74,2.72
113.68336713,34.58466225,151.81,229.54,2.75
113.68336515,34.58466031,151.81,229.31,2.78
113.68336315,34.58465836,151.81,229.09,2.78
113.68336110,34.58465644,151.82,228.91,2.78
113.68335906,34.58465448,151.82,228.73,2.81
113.68335695,34.58465257,151.82,228.52,2.83
113.68335274,34.58464867,151.82,228.13,2.86
113.68335063,34.58464669,151.82,227.92,2.89
113.68334849,34.58464471,151.82,227.77,2.89
113.68334629,34.58464278,151.82,227.65,2.92
113.68334410,34.58464080,151.82,227.50,2.92
113.68334191,34.58463879,151.82,227.37,2.94
113.68333856,34.58463580,151.82,227.25,2.97
113.68333744,34.58463480,151.82,227.22,3.00
113.68333518,34.58463281,151.82,227.16,3.00
113.68333290,34.58463081,151.82,227.13,3.03
113.68333063,34.58462878,151.82,227.11,3.03
113.68332834,34.58462676,151.82,227.07,3.06
113.68332605,34.58462470,151.82,227.02,3.06
113.68332375,34.58462264,151.82,226.99,3.06
113.68332140,34.58462062,151.82,226.94,3.08
113.68331788,34.58461752,151.83,226.93,3.11
113.68331551,34.58461548,151.83,226.94,3.11
113.68331433,34.58461444,151.83,226.93,3.11
113.68331195,34.58461237,151.84,226.89,3.14
113.68330958,34.58461027,151.84,226.87,3.14
113.68330719,34.58460819,151.84,226.85,3.17
113.68330480,34.58460607,151.84,226.82,3.19
113.68330239,34.58460396,151.84,226.81,3.19
113.68329997,34.58460186,151.84,226.80,3.19
113.68329756,34.58459975,151.84,226.77,3.22
113.68329513,34.58459762,151.85,226.75,3.22
113.68329147,34.58459444,151.85,226.73,3.22
113.68328903,34.58459229,151.85,226.71,3.22
113.68328780,34.58459124,151.85,226.71,3.22
113.68328534,34.58458909,151.86,226.71,3.25
113.68328288,34.58458696,151.86,226.71,3.25
113.68328041,34.58458480,151.86,226.70,3.25
113.68327797,34.58458262,151.87,226.67,3.28
113.68327552,34.58458047,151.87,226.66,3.28
113.68327306,34.58457832,151.88,226.65,3.28
113.68327058,34.58457618,151.88,226.63,3.28
113.68326682,34.58457297,151.89,226.60,3.28
113.68326432,34.58457081,151.89,226.57,3.28
113.68326307,34.58456972,151.89,226.55,3.28
113.68326058,34.58456755,151.90,226.50,3.31
113.68325811,34.58456536,151.90,226.45,3.31
113.68325562,34.58456319,151.92,226.44,3.28
113.68325312,34.58456104,151.92,226.44,3.28
113.68325060,34.58455889,151.93,226.40,3.28
113.68324808,34.58455674,151.93,226.38,3.31
113.68324555,34.58455459,151.93,226.37,3.33
113.68324305,34.58455241,151.93,226.32,3.33
113.68323929,34.58454914,151.94,226.29,3.33
113.68323679,34.58454695,151.95,226.29,3.33
113.68323553,34.58454586,151.95,226.28,3.33
113.68323302,34.58454366,151.96,226.27,3.33
113.68323048,34.58454148,151.96,226.27,3.33
113.68322794,34.58453930,151.97,226.24,3.33
113.68322541,34.58453711,151.97,226.21,3.33
113.68322289,34.58453492,151.98,226.20,3.33
113.68322034,34.58453272,151.98,226.19,3.33
113.68321525,34.58452832,151.99,226.12,3.36
113.68321142,34.58452502,151.99,226.09,3.36
113.68320884,34.58452281,152.00,226.09,3.36
113.68320756,34.58452172,152.00,226.08,3.36
113.68320497,34.58451951,152.00,226.06,3.36
113.68320238,34.58451730,152.01,226.06,3.36
113.68319980,34.58451509,152.01,226.04,3.39
113.68319721,34.58451287,152.02,226.01,3.39
113.68319461,34.58451064,152.02,225.99,3.42
113.68319197,34.58450843,152.03,225.98,3.42
113.68318935,34.58450620,152.03,225.97,3.42
113.68318671,34.58450396,152.03,225.95,3.42
113.68318408,34.58450172,152.04,225.94,3.42
113.68318144,34.58449946,152.04,225.91,3.44
113.68317879,34.58449721,152.04,225.86,3.47
113.68317614,34.58449495,152.04,225.84,3.47
113.68317348,34.58449269,152.05,225.83,3.47
113.68316944,34.58448932,152.05,225.77,3.47
113.68316810,34.58448818,152.05,225.75,3.50
113.68316542,34.58448591,152.05,225.72,3.50
113.68316272,34.58448363,152.06,225.67,3.50
113.68316003,34.58448136,152.06,225.63,3.50
113.68315733,34.58447907,152.06,225.61,3.50
113.68315461,34.58447679,152.07,225.58,3.50
113.68315189,34.58447450,152.07,225.54,3.53
113.68314916,34.58447219,152.07,225.50,3.53
113.68314506,34.58446873,152.08,225.45,3.56
113.68314233,34.58446642,152.08,225.42,3.56
113.68314095,34.58446527,152.08,225.41,3.58
113.68313819,34.58446296,152.08,225.38,3.58
113.68313542,34.58446064,152.09,225.35,3.58
113.68313266,34.58445832,152.09,225.31,3.58
113.68312989,34.58445599,152.09,225.27,3.61
113.68312712,34.58445366,152.09,225.25,3.61
113.68312432,34.58445132,152.10,225.23,3.61
113.68312152,34.58444899,152.10,225.20,3.64
113.68311872,34.58444665,152.10,225.18,3.64
113.68311591,34.58444431,152.11,225.15,3.64
113.68311310,34.58444195,152.11,225.13,3.64
113.68311028,34.58443961,152.11,225.13,3.67
113.68310744,34.58443726,152.12,225.13,3.67
113.68310461,34.58443491,152.12,225.10,3.67
113.68310178,34.58443256,152.12,225.08,3.67
113.68309753,34.58442903,152.13,225.08,3.67
113.68309610,34.58442785,152.13,225.07,3.67
113.68309325,34.58442549,152.13,225.06,3.67
113.68309039,34.58442313,152.14,225.10,3.67
113.68308753,34.58442076,152.14,225.09,3.67
113.68308471,34.58441839,152.14,225.07,3.69
113.68308187,34.58441601,152.15,225.11,3.69
113.68307903,34.58441365,152.16,225.12,3.67
113.68307616,34.58441130,152.16,225.13,3.69
113.68307183,34.58440777,152.17,225.15,3.69
113.68306899,34.58440540,152.17,225.15,3.69
113.68306757,34.58440420,152.18,225.15,3.69
113.68306475,34.58440181,152.18,225.12,3.67
113.68306193,34.58439944,152.19,225.15,3.67
113.68305909,34.58439711,152.19,225.22,3.67
113.68305622,34.58439477,152.20,225.25,3.67
113.68305339,34.58439244,152.20,225.24,3.67
113.68305059,34.58439009,152.20,225.24,3.64
113.68304780,34.58438776,152.21,225.27,3.64
113.68304503,34.58438543,152.21,225.29,3.61
113.68304088,34.58438197,152.22,225.30,3.61
113.68303950,34.58438083,152.22,225.32,3.61
113.68303675,34.58437853,152.23,225.33,3.58
113.68303402,34.58437626,152.23,225.32,3.56
113.68303130,34.58437397,152.23,225.34,3.56
113.68302860,34.58437171,152.24,225.37,3.53
113.68302589,34.58436944,152.24,225.37,3.53
113.68302320,34.58436719,152.24,225.39,3.53
113.68302051,34.58436493,152.25,225.41,3.50
113.68301782,34.58436270,152.25,225.41,3.50
113.68301514,34.58436044,152.25,225.42,3.50
113.68301246,34.58435821,152.26,225.45,3.50
113.68300979,34.58435596,152.26,225.47,3.47
113.68300712,34.58435372,152.27,225.49,3.47
113.68300313,34.58435036,152.27,225.51,3.47
113.68300180,34.58434924,152.27,225.51,3.47
113.68299915,34.58434699,152.28,225.53,3.47
113.68299650,34.58434476,152.28,225.56,3.47
113.68299386,34.58434253,152.28,225.58,3.47
113.68299122,34.58434029,152.29,225.59,3.47
113.68298860,34.58433805,152.29,225.60,3.47
113.68298597,34.58433580,152.29,225.61,3.47
113.68298334,34.58433355,152.29,225.61,3.47
113.68298073,34.58433130,152.29,225.66,3.47
113.68297679,34.58432795,152.30,225.69,3.47
113.68297547,34.58432683,152.30,225.69,3.47
113.68297284,34.58432461,152.30,225.71,3.47
113.68297020,34.58432237,152.30,225.71,3.47
113.68296755,34.58432017,152.30,225.71,3.44
113.68296493,34.58431793,152.31,225.73,3.44
113.68296229,34.58431573,152.31,225.75,3.44
113.68295966,34.58431349,152.31,225.76,3.44
113.68295703,34.58431126,152.31,225.78,3.44
113.68295438,34.58430906,152.31,225.79,3.44
113.68295044,34.58430574,152.31,225.81,3.44
113.68294912,34.58430462,152.31,225.83,3.44
113.68294650,34.58430238,152.31,225.86,3.44
113.68294389,34.58430015,152.32,225.87,3.44
113.68294126,34.58429792,152.32,225.89,3.44
113.68293864,34.58429569,152.32,225.90,3.44
113.68293602,34.58429344,152.32,225.91,3.44
113.68293342,34.58429121,152.33,225.93,3.44
113.68293079,34.58428897,152.33,225.96,3.44
113.68292819,34.58428674,152.33,225.98,3.44
113.68292428,34.58428337,152.34,226.00,3.44
113.68292297,34.58428224,152.34,226.01,3.44
113.68292037,34.58427999,152.34,226.03,3.44
113.68291774,34.58427774,152.34,226.05,3.44
113.68291513,34.58427548,152.34,226.08,3.44
113.68291250,34.58427323,152.35,226.09,3.44
113.68290989,34.58427096,152.35,226.11,3.44
113.68290726,34.58426869,152.35,226.13,3.44
113.68290463,34.58426642,152.35,226.14,3.47
113.68290200,34.58426415,152.35,226.16,3.47
113.68289936,34.58426188,152.35,226.18,3.47
113.68289673,34.58425960,152.35,226.20,3.47
113.68289410,34.58425734,152.36,226.22,3.47
113.68289146,34.58425506,152.36,226.25,3.47
113.68288883,34.58425278,152.36,226.25,3.47
113.68288619,34.58425050,152.36,226.26,3.47
113.68288357,34.58424820,152.36,226.30,3.50
113.68288093,34.58424590,152.36,226.31,3.50
113.68287829,34.58424360,152.36,226.32,3.50
113.68287568,34.58424129,152.37,226.35,3.50
113.68287304,34.58423900,152.37,226.37,3.50
113.68287042,34.58423669,152.37,226.38,3.50
113.68286778,34.58423440,152.37,226.42,3.50
113.68286516,34.58423211,152.37,226.45,3.50
113.68286252,34.58422983,152.37,226.47,3.50
113.68285857,34.58422640,152.37,226.48,3.50
113.68285725,34.58422525,152.37,226.49,3.50
113.68285463,34.58422296,152.38,226.52,3.50
113.68285201,34.58422064,152.38,226.54,3.50
113.68284672,34.58421608,152.39,226.62,3.47
113.68284409,34.58421378,152.40,226.63,3.47
113.68284146,34.58421149,152.40,226.64,3.47
113.68283883,34.58420922,152.40,226.66,3.47
113.68283492,34.58420578,152.40,226.68,3.47
113.68283361,34.58420462,152.40,226.69,3.47
113.68283099,34.58420233,152.41,226.70,3.47
113.68282837,34.58420002,152.40,226.69,3.50
113.68282575,34.58419770,152.40,226.69,3.50
113.68282310,34.58419541,152.41,226.71,3.50
113.68282048,34.58419311,152.41,226.72,3.50
113.68281785,34.58419079,152.41,226.72,3.50
113.68281520,34.58418849,152.41,226.72,3.50
113.68281256,34.58418617,152.41,226.72,3.50
113.68280857,34.58418271,152.41,226.70,3.50
113.68280725,34.58418155,152.41,226.70,3.50
113.68280460,34.58417923,152.41,226.71,3.50
113.68280195,34.58417690,152.41,226.71,3.50
113.68279930,34.58417457,152.41,226.70,3.50
113.68279666,34.58417224,152.42,226.70,3.50
113.68279400,34.58416991,152.42,226.69,3.50
113.68279135,34.58416759,152.42,226.68,3.50
113.68278869,34.58416526,152.42,226.66,3.53
113.68278472,34.58416178,152.42,226.63,3.53
113.68278339,34.58416061,152.42,226.63,3.53
113.68278073,34.58415830,152.42,226.60,3.53
113.68277807,34.58415600,152.42,226.57,3.53
113.68277540,34.58415367,152.43,226.54,3.53
113.68277274,34.58415134,152.43,226.52,3.50
113.68277009,34.58414904,152.43,226.50,3.53
113.68276741,34.58414674,152.43,226.48,3.53
113.68276475,34.58414442,152.43,226.44,3.53
113.68276074,34.58414095,152.44,226.39,3.53
113.68275807,34.58413863,152.44,226.36,3.53
113.68275673,34.58413748,152.44,226.34,3.53
113.68275405,34.58413516,152.44,226.30,3.53
113.68275136,34.58413285,152.45,226.27,3.53
113.68274868,34.58413052,152.45,226.21,3.53
113.68274599,34.58412820,152.45,226.16,3.53
113.68274329,34.58412588,152.45,226.11,3.53
113.68274059,34.58412357,152.45,226.06,3.53
113.68273788,34.58412125,152.45,226.04,3.56
113.68273518,34.58411894,152.45,225.99,3.56
113.68273248,34.58411662,152.45,225.93,3.56
113.68272977,34.58411431,152.46,225.87,3.56
113.68272705,34.58411200,152.46,225.83,3.56
113.68272432,34.58410969,152.46,225.81,3.56
113.68272022,34.58410623,152.46,225.77,3.56
113.68271749,34.58410392,152.46,225.71,3.56
113.68271613,34.58410277,152.47,225.69,3.56
113.68271340,34.58410047,152.47,225.67,3.56
113.68271066,34.58409817,152.47,225.66,3.56
113.68270794,34.58409587,152.47,225.62,3.56
113.68270521,34.58409357,152.47,225.61,3.58
113.68270245,34.58409127,152.48,225.63,3.56
113.68269971,34.58408898,152.48,225.58,3.53
113.68269559,34.58408554,152.49,225.59,3.58
113.68269422,34.58408439,152.49,225.60,3.56
113.68269148,34.58408209,152.49,225.56,3.56
113.68268874,34.58407980,152.50,225.54,3.56
113.68268603,34.58407749,152.50,225.52,3.56
113.68268330,34.58407519,152.50,225.52,3.56
113.68268056,34.58407290,152.50,225.51,3.56
113.68267785,34.58407060,152.51,225.50,3.56
113.68267511,34.58406831,152.51,225.53,3.56
113.68267237,34.58406601,152.51,225.53,3.56
113.68266965,34.58406370,152.51,225.51,3.56
113.68266554,34.58406024,152.52,225.51,3.56
113.68266279,34.58405793,152.52,225.52,3.56
113.68266144,34.58405676,152.52,225.52,3.56
113.68265870,34.58405444,152.53,225.52,3.56
113.68265594,34.58405213,152.53,225.54,3.56
113.68265320,34.58404982,152.53,225.53,3.58
113.68265046,34.58404749,152.53,225.51,3.58
113.68264773,34.58404518,152.53,225.54,3.58
113.68264496,34.58404285,152.53,225.55,3.58
113.68264221,34.58404053,152.53,225.54,3.61
113.68263804,34.58403704,152.53,225.55,3.61
113.68263525,34.58403471,152.53,225.55,3.61
113.68263389,34.58403353,152.53,225.53,3.61
113.68263111,34.58403119,152.54,225.54,3.61
113.68262834,34.58402885,152.54,225.57,3.61
113.68262555,34.58402651,152.54,225.56,3.61
113.68262278,34.58402417,152.54,225.56,3.61
113.68261998,34.58402182,152.54,225.57,3.64
113.68261718,34.58401948,152.54,225.56,3.64
113.68261438,34.58401712,152.54,225.57,3.64
113.68261158,34.58401477,152.55,225.59,3.64
113.68260877,34.58401241,152.55,225.59,3.64
113.68260456,34.58400887,152.55,225.58,3.64
113.68260317,34.58400768,152.55,225.58,3.67
113.68260035,34.58400532,152.55,225.59,3.67
113.68259754,34.58400295,152.56,225.61,3.67
113.68259473,34.58400058,152.56,225.60,3.67
113.68259192,34.58399821,152.56,225.60,3.67
113.68258910,34.58399584,152.56,225.60,3.67
113.68258629,34.58399345,152.56,225.59,3.67
113.68258347,34.58399106,152.56,225.59,3.67
113.68258063,34.58398867,152.56,225.62,3.67
113.68257780,34.58398628,152.57,225.62,3.69
113.68257496,34.58398387,152.57,225.62,3.69
113.68257211,34.58398147,152.57,225.62,3.69
113.68256928,34.58397906,152.57,225.61,3.69
113.68256643,34.58397664,152.57,225.61,3.69
113.68256358,34.58397421,152.57,225.61,3.72
113.68256071,34.58397179,152.57,225.61,3.72
113.68255784,34.58396935,152.57,225.60,3.75
113.68255496,34.58396691,152.57,225.58,3.75
113.68255207,34.58396446,152.56,225.57,3.75
113.68254774,34.58396078,152.57,225.58,3.78
113.68254629,34.58395955,152.56,225.58,3.78
113.68254338,34.58395710,152.56,225.58,3.78
113.68254045,34.58395465,152.56,225.56,3.81
113.68253753,34.58395219,152.56,225.55,3.81
113.68253315,34.58394848,152.56,225.54,3.83
113.68253168,34.58394724,152.56,225.53,3.83
113.68252876,34.58394477,152.56,225.52,3.83
113.68252581,34.58394230,152.56,225.53,3.83
113.68252285,34.58393983,152.56,225.52,3.83
113.68251991,34.58393735,152.56,225.49,3.83
113.68251698,34.58393486,152.56,225.49,3.83
113.68251407,34.58393237,152.56,225.50,3.83
113.68250966,34.58392865,152.57,225.51,3.83
113.68250670,34.58392618,152.57,225.49,3.83
113.68250519,34.58392495,152.57,225.49,3.83
113.68250220,34.58392248,152.57,225.50,3.83
113.68249922,34.58392000,152.57,225.48,3.83
113.68249630,34.58391748,152.58,225.43,3.83
113.68249338,34.58391497,152.59,225.42,3.83
113.68248745,34.58391000,152.59,225.42,3.83
113.68248295,34.58390630,152.58,225.46,3.86
113.68248146,34.58390506,152.58,225.44,3.86
113.68247849,34.58390256,152.58,225.38,3.86
113.68247551,34.58390006,152.58,225.38,3.86
113.68247255,34.58389756,152.59,225.37,3.86
113.68246957,34.58389504,152.59,225.36,3.86
113.68246660,34.58389251,152.58,225.35,3.89
113.68246359,34.58388997,152.58,225.37,3.89
113.68246059,34.58388745,152.58,225.39,3.89
113.68245605,34.58388366,152.59,225.36,3.92
113.68245300,34.58388112,152.58,225.36,3.92
113.68245148,34.58387984,152.58,225.36,3.94
113.68244845,34.58387729,152.58,225.34,3.94
113.68244540,34.58387472,152.57,225.32,3.97
113.68244235,34.58387214,152.56,225.30,3.97
113.68243928,34.58386959,152.56,225.31,3.97
113.68243620,34.58386704,152.56,225.33,3.97
113.68243313,34.58386448,152.55,225.33,3.97
113.68243006,34.58386193,152.55,225.33,3.97
113.68242547,34.58385809,152.54,225.33,3.97
113.68242241,34.58385553,152.53,225.33,3.97
113.68242092,34.58385426,152.53,225.34,3.97
113.68241788,34.58385172,152.53,225.36,3.97
113.68241490,34.58384919,152.52,225.37,3.94
113.68241189,34.58384666,152.52,225.38,3.92
113.68240891,34.58384414,152.51,225.39,3.89
113.68240592,34.58384162,152.51,225.41,3.89
113.68240294,34.58383912,152.50,225.44,3.89
113.68239999,34.58383663,152.50,225.46,3.89
113.68239555,34.58383289,152.49,225.49,3.86
113.68239259,34.58383039,152.48,225.49,3.86
113.68239114,34.58382916,152.48,225.50,3.86
113.68238817,34.58382667,152.47,225.52,3.86
113.68238521,34.58382417,152.47,225.55,3.86
113.68238229,34.58382169,152.46,225.56,3.86
113.68237933,34.58381919,152.45,225.57,3.86
113.68237640,34.58381671,152.44,225.58,3.86
113.68237344,34.58381421,152.43,225.61,3.86
113.68237050,34.58381173,152.43,225.64,3.86
113.68236609,34.58380797,152.42,225.66,3.86
113.68236313,34.58380547,152.41,225.69,3.86
113.68236165,34.58380422,152.41,225.69,3.86
113.68235871,34.58380171,152.40,225.70,3.86
113.68235575,34.58379920,152.40,225.73,3.86
113.68235278,34.58379671,152.39,225.76,3.86
113.68234833,34.58379296,152.38,225.78,3.86
113.68234685,34.58379170,152.38,225.79,3.86
113.68234388,34.58378917,152.37,225.80,3.89
113.68233942,34.58378541,152.36,225.84,3.89
113.68233645,34.58378290,152.35,225.86,3.89
113.68233346,34.58378037,152.34,225.88,3.89
113.68233197,34.58377912,152.34,225.88,3.89
113.68232898,34.58377658,152.33,225.90,3.89
113.68232603,34.58377403,152.33,225.88,3.89
113.68232310,34.58377147,152.32,225.90,3.97
113.68231870,34.58376767,152.31,226.00,3.92
113.68231722,34.58376640,152.31,226.01,3.92
113.68231422,34.58376389,152.30,226.04,3.89
113.68231121,34.58376141,152.29,226.08,3.89
113.68230676,34.58375764,152.27,226.09,3.89
113.68230387,34.58375508,152.27,226.07,3.89
113.68230244,34.58375381,152.28,226.09,3.83
113.68229955,34.58375131,152.28,226.10,3.81
113.68229663,34.58374883,152.27,226.11,3.81
113.68229371,34.58374639,152.26,226.15,3.81
113.68228934,34.58374272,152.24,226.16,3.83
113.68228790,34.58374148,152.23,226.14,3.83
113.68228504,34.58373898,152.23,226.15,3.83
113.68228220,34.58373650,152.22,226.16,3.81
113.68227933,34.58373403,152.22,226.16,3.78
113.68227648,34.58373157,152.21,226.18,3.78
113.68227219,34.58372788,152.20,226.21,3.78
113.68226932,34.58372541,152.20,226.22,3.78
113.68226647,34.58372295,152.19,226.23,3.78
113.68226504,34.58372172,152.19,226.23,3.78
113.68226216,34.58371928,152.18,226.24,3.75
113.68225930,34.58371681,152.17,226.28,3.75
113.68225645,34.58371434,152.17,226.30,3.75
113.68225358,34.58371189,152.16,226.32,3.75
113.68225071,34.58370945,152.15,226.35,3.78
113.68224784,34.58370698,152.14,226.37,3.78
113.68224354,34.58370328,152.12,226.43,3.78
113.68224068,34.58370079,152.11,226.46,3.78
113.68223785,34.58369832,152.10,226.49,3.78
113.68223641,34.58369708,152.10,226.51,3.78
113.68223358,34.58369460,152.09,226.52,3.78
113.68223072,34.58369212,152.08,226.52,3.78
113.68222787,34.58368964,152.07,226.57,3.78
113.68222363,34.58368592,152.05,226.62,3.78
113.68222223,34.58368468,152.05,226.63,3.78
113.68221938,34.58368220,152.04,226.65,3.78
113.68221656,34.58367972,152.03,226.65,3.78
113.68221229,34.58367601,152.02,226.71,3.78
113.68220948,34.58367353,152.01,226.69,3.78
113.68220665,34.58367103,152.00,226.65,3.78
113.68220522,34.58366979,152.00,226.64,3.78
113.68220239,34.58366731,151.99,226.63,3.78
113.68219953,34.58366481,151.98,226.58,3.78
113.68219669,34.58366232,151.98,226.53,3.78
113.68219241,34.58365857,151.96,226.46,3.78
113.68219097,34.58365732,151.96,226.43,3.81
113.68218808,34.58365482,151.95,226.39,3.83
113.68218521,34.58365232,151.94,226.32,3.83
113.68218086,34.58364856,151.93,226.25,3.83
113.68217795,34.58364605,151.92,226.20,3.83
113.68217650,34.58364480,151.91,226.16,3.83
113.68217358,34.58364230,151.91,226.10,3.83
113.68217066,34.58363979,151.90,226.07,3.83
113.68216774,34.58363728,151.89,226.01,3.83
113.68216335,34.58363353,151.88,225.93,3.83
113.68216188,34.58363228,151.87,225.90,3.83
113.68215895,34.58362978,151.87,225.86,3.83
113.68215453,34.58362605,151.86,225.80,3.86
113.68215160,34.58362356,151.85,225.72,3.86
113.68214866,34.58362107,151.84,225.71,3.86
113.68214719,34.58361982,151.84,225.71,3.86
113.68214424,34.58361734,151.83,225.68,3.83
113.68214129,34.58361485,151.83,225.63,3.83
113.68213834,34.58361238,151.83,225.60,3.83
113.68213397,34.58360867,151.83,225.56,3.83
113.68213251,34.58360744,151.82,225.57,3.83
113.68212810,34.58360374,151.82,225.51,3.83
113.68212515,34.58360129,151.81,225.48,3.86
113.68212218,34.58359884,151.80,225.47,3.81
113.68211924,34.58359637,151.80,225.43,3.83
113.68211777,34.58359513,151.79,225.40,3.83
113.68211484,34.58359264,151.80,225.35,3.81
113.68211191,34.58359016,151.80,225.35,3.81
113.68210893,34.58358771,151.80,225.35,3.81
113.68210299,34.58358282,151.78,225.29,3.83
113.68209859,34.58357913,151.76,225.23,3.83
113.68209566,34.58357668,151.76,225.20,3.83
113.68209271,34.58357424,151.75,225.19,3.83
113.68208976,34.58357180,151.74,225.18,3.83
113.68208828,34.58357059,151.74,225.16,3.81
113.68208535,34.58356816,151.73,225.14,3.81
113.68208242,34.58356572,151.72,225.11,3.81
113.68207802,34.58356208,151.71,225.11,3.78
113.68207509,34.58355967,151.70,225.09,3.78
113.68207362,34.58355846,151.70,225.06,3.78
113.68207071,34.58355604,151.69,225.01,3.78
113.68206779,34.58355362,151.68,225.01,3.78
113.68206340,34.58355000,151.67,225.00,3.78
113.68206194,34.58354880,151.67,224.99,3.78
113.68205903,34.58354638,151.66,224.98,3.78
113.68205465,34.58354278,151.65,224.99,3.75
113.68205173,34.58354039,151.64,225.02,3.75
113.68204884,34.58353797,151.64,225.03,3.75
113.68204596,34.58353556,151.63,225.04,3.75
113.68204451,34.58353436,151.63,225.06,3.75
113.68204163,34.58353196,151.62,225.08,3.75
113.68203874,34.58352956,151.61,225.09,3.75
113.68203585,34.58352717,151.61,225.13,3.75
113.68203298,34.58352477,151.60,225.18,3.75
113.68202869,34.58352116,151.59,225.21,3.75
113.68202582,34.58351876,151.59,225.25,3.75
113.68202295,34.58351636,151.58,225.30,3.75
113.68202011,34.58351394,151.57,225.33,3.72
113.68201727,34.58351152,151.57,225.38,3.72
113.68201584,34.58351032,151.57,225.41,3.72
113.68201299,34.58350792,151.56,225.48,3.72
113.68201014,34.58350552,151.55,225.52,3.72
113.68200729,34.58350311,151.55,225.54,3.72
113.68200300,34.58349950,151.53,225.63,3.72
113.68200158,34.58349829,151.53,225.66,3.72
113.68199872,34.58349589,151.52,225.70,3.72
113.68199446,34.58349227,151.51,225.77,3.72
113.68199160,34.58348987,151.50,225.81,3.72
113.68198876,34.58348745,151.49,225.85,3.72
113.68198735,34.58348624,151.49,225.88,3.72
113.68198451,34.58348383,151.48,225.93,3.72
113.68198028,34.58348020,151.47,225.99,3.72
113.68197746,34.58347778,151.46,226.03,3.72
113.68197464,34.58347537,151.45,226.07,3.72
113.68197323,34.58347416,151.45,226.09,3.69
113.68197043,34.58347174,151.44,226.14,3.69
113.68196763,34.58346932,151.44,226.18,3.69
113.68196342,34.58346570,151.43,226.24,3.69
113.68196062,34.58346329,151.42,226.27,3.69
113.68195782,34.58346088,151.42,226.31,3.69
113.68195643,34.58345967,151.41,226.33,3.69
113.68195364,34.58345726,151.41,226.37,3.69
113.68194948,34.58345364,151.40,226.40,3.69
113.68194670,34.58345124,151.39,226.43,3.67
113.68194395,34.58344882,151.39,226.43,3.67
113.68194257,34.58344762,151.38,226.43,3.67
113.68193982,34.58344521,151.38,226.44,3.64
113.68193705,34.58344281,151.37,226.45,3.67
113.68193288,34.58343922,151.36,226.45,3.67
113.68193011,34.58343682,151.35,226.46,3.64
113.68192871,34.58343563,151.35,226.46,3.64
113.68192461,34.58343201,151.35,226.43,3.67
113.68192184,34.58342963,151.34,226.44,3.64
113.68191910,34.58342722,151.33,226.40,3.64
113.68191633,34.58342484,151.32,226.38,3.64
113.68191494,34.58342365,151.32,226.38,3.64
113.68191216,34.58342126,151.30,226.36,3.69
113.68190938,34.58341886,151.30,226.28,3.64
113.68190662,34.58341645,151.29,226.23,3.67
113.68190386,34.58341405,151.28,226.19,3.67
113.68189969,34.58341046,151.27,226.12,3.67
113.68189692,34.58340808,151.26,226.06,3.64
113.68189414,34.58340571,151.25,226.02,3.64
113.68189137,34.58340332,151.23,225.98,3.67
113.68188863,34.58340095,151.22,225.94,3.67
113.68188725,34.58339976,151.22,225.90,3.67
113.68188447,34.58339739,151.21,225.84,3.61
113.68188173,34.58339502,151.21,225.81,3.64
113.68187897,34.58339265,151.20,225.76,3.61
113.68187482,34.58338912,151.19,225.75,3.64
113.68187207,34.58338676,151.18,225.69,3.61
113.68186931,34.58338441,151.17,225.61,3.61
113.68186654,34.58338208,151.16,225.61,3.61
113.68186377,34.58337974,151.15,225.58,3.61
113.68186101,34.58337740,151.14,225.51,3.61
113.68185825,34.58337507,151.13,225.49,3.61
113.68185687,34.58337390,151.12,225.48,3.61
113.68185136,34.58336922,151.11,225.41,3.61
113.68184862,34.58336688,151.10,225.39,3.61
113.68184443,34.58336344,151.09,225.35,3.58
113.68184167,34.58336113,151.08,225.33,3.58
113.68183887,34.58335884,151.07,225.29,3.58
113.68183611,34.58335653,151.06,225.26,3.58
113.68183331,34.58335425,151.05,225.23,3.58
113.68183055,34.58335194,151.04,225.17,3.58
113.68182778,34.58334963,151.03,225.16,3.58
113.68182498,34.58334736,151.02,225.15,3.58
113.68182218,34.58334508,151.01,225.10,3.58
113.68181940,34.58334278,151.00,225.06,3.58
113.68181663,34.58334050,150.99,225.03,3.58
113.68181386,34.58333820,150.98,224.99,3.58
113.68181248,34.58333706,150.98,224.99,3.58
113.68180971,34.58333478,150.97,224.97,3.58
113.68180694,34.58333251,150.96,224.93,3.56
113.68180418,34.58333023,150.95,224.89,3.56
113.68180003,34.58332682,150.94,224.85,3.56
113.68179727,34.58332458,150.93,224.82,3.56
113.68179589,34.58332345,150.92,224.80,3.56
113.68179177,34.58332007,150.91,224.75,3.56
113.68178903,34.58331782,150.90,224.72,3.50
113.68178629,34.58331559,150.89,224.70,3.50
113.68178358,34.58331338,150.88,224.65,3.50
113.68178087,34.58331117,150.87,224.62,3.50
113.68177951,34.58331006,150.87,224.62,3.50
113.68177679,34.58330783,150.86,224.63,3.44
113.68177272,34.58330452,150.84,224.59,3.47
113.68177003,34.58330232,150.83,224.58,3.50
113.68176869,34.58330123,150.83,224.57,3.50
113.68176465,34.58329797,150.82,224.54,3.47
113.68176197,34.58329582,150.83,224.53,3.39
113.68175931,34.58329365,150.81,224.50,3.36
113.68175666,34.58329149,150.78,224.46,3.44
113.68175533,34.58329041,150.78,224.46,3.44
113.68175134,34.58328721,150.77,224.45,3.42
113.68174868,34.58328507,150.77,224.42,3.36
113.68174604,34.58328296,150.76,224.43,3.36
113.68174341,34.58328085,150.76,224.43,3.36
113.68174210,34.58327979,150.75,224.42,3.36
113.68173949,34.58327768,150.75,224.41,3.33
113.68173560,34.58327452,150.74,224.40,3.33
113.68173301,34.58327242,150.73,224.38,3.33
113.68173044,34.58327034,150.72,224.39,3.31
113.68172914,34.58326930,150.72,224.41,3.31
113.68172528,34.58326617,150.71,224.40,3.31
113.68172270,34.58326409,150.70,224.40,3.28
113.68172013,34.58326201,150.70,224.42,3.28
113.68171757,34.58325993,150.69,224.41,3.28
113.68171501,34.58325786,150.68,224.41,3.28
113.68171372,34.58325682,150.68,224.42,3.28
113.68171117,34.58325475,150.67,224.45,3.28
113.68170736,34.58325164,150.66,224.43,3.28
113.68170481,34.58324957,150.65,224.45,3.28
113.68170353,34.58324854,150.65,224.46,3.22
113.68169974,34.58324544,150.63,224.42,3.25
113.68169721,34.58324337,150.62,224.45,3.25
113.68169468,34.58324131,150.61,224.48,3.25
113.68169217,34.58323925,150.60,224.46,3.22
113.68168839,34.58323618,150.59,224.49,3.19
113.68168586,34.58323415,150.58,224.54,3.22
113.68168212,34.58323109,150.56,224.53,3.22
113.68167962,34.58322905,150.55,224.57,3.19
113.68167713,34.58322702,150.54,224.61,3.19
113.68167465,34.58322501,150.54,224.63,3.19
113.68167216,34.58322299,150.53,224.67,3.19
113.68166969,34.58322097,150.51,224.70,3.19
113.68166722,34.58321896,150.51,224.74,3.19
113.68166599,34.58321797,150.50,224.77,3.17
113.68166354,34.58321596,150.49,224.81,3.17
113.68165988,34.58321295,150.48,224.86,3.17
113.68165744,34.58321095,150.47,224.91,3.14
113.68165624,34.58320995,150.47,224.93,3.14
113.68165261,34.58320697,150.46,224.99,3.14
113.68165021,34.58320497,150.45,225.04,3.14
113.68164780,34.58320299,150.44,225.10,3.11
113.68164541,34.58320101,150.43,225.16,3.11
113.68164304,34.58319900,150.43,225.21,3.08
113.68164068,34.58319702,150.42,225.26,3.08
113.68163950,34.58319604,150.42,225.29,3.06
113.68163714,34.58319408,150.41,225.33,3.06
113.68163364,34.58319115,150.40,225.39,3.06
113.68163133,34.58318921,150.40,225.46,3.06
113.68162901,34.58318727,150.39,225.50,3.06
113.68162672,34.58318534,150.38,225.50,3.00
113.68162444,34.58318341,150.38,225.54,3.00
113.68162217,34.58318150,150.37,225.57,2.97
113.68161993,34.58317961,150.37,225.57,2.94
113.68161770,34.58317771,150.36,225.58,2.92
113.68161659,34.58317678,150.36,225.60,2.92
113.68161328,34.58317398,150.35,225.63,2.89
113.68161109,34.58317213,150.35,225.63,2.89
113.68160889,34.58317030,150.34,225.64,2.86
113.68160673,34.58316847,150.34,225.65,2.86
113.68160456,34.58316666,150.33,225.63,2.83
113.68160243,34.58316485,150.33,225.63,2.81
113.68160031,34.58316306,150.32,225.64,2.78
113.68159818,34.58316128,150.32,225.63,2.78
113.68159608,34.58315952,150.31,225.61,2.72
113.68159399,34.58315776,150.31,225.61,2.72
113.68159192,34.58315601,150.30,225.62,2.72
113.68158986,34.58315427,150.30,225.61,2.69
113.68158781,34.58315256,150.30,225.60,2.69
113.68158578,34.58315084,150.29,225.59,2.67
113.68158477,34.58314999,150.29,225.59,2.64
113.68158276,34.58314828,150.28,225.58,2.64
113.68157975,34.58314574,150.28,225.58,2.64
113.68157777,34.58314407,150.27,225.56,2.61
113.68157581,34.58314241,150.27,225.57,2.58
113.68157193,34.58313912,150.26,225.54,2.53
113.68157001,34.58313750,150.26,225.49,2.50
113.68156811,34.58313589,150.25,225.45,2.50
113.68156621,34.58313430,150.25,225.39,2.47
113.68156247,34.58313115,150.24,225.26,2.42
113.68156061,34.58312960,150.24,225.20,2.42
113.68155879,34.58312806,150.23,225.13,2.39
113.68155698,34.58312653,150.23,225.06,2.39
113.68155516,34.58312501,150.23,224.97,2.36
113.68155334,34.58312353,150.22,224.88,2.36
113.68155154,34.58312204,150.21,224.77,2.33
113.68154975,34.58312058,150.21,224.61,2.31
113.68154796,34.58311912,150.20,224.43,2.28
113.68154440,34.58311624,150.19,223.98,2.25
113.68154262,34.58311482,150.18,223.73,2.25
113.68154085,34.58311342,150.18,223.46,2.25
113.68153906,34.58311204,150.18,223.19,2.25
113.68153730,34.58311067,150.17,222.92,2.22
113.68153552,34.58310933,150.16,222.61,2.19
113.68153376,34.58310799,150.16,222.26,2.19
113.68153198,34.58310669,150.15,221.86,2.17
113.68153022,34.58310539,150.15,221.40,2.17
113.68152843,34.58310411,150.14,220.90,2.14
113.68152487,34.58310160,150.13,219.74,2.11
113.68152307,34.58310038,150.12,219.08,2.11
113.68152126,34.58309918,150.11,218.37,2.11
113.68151945,34.58309799,150.11,217.59,2.11
113.68151764,34.58309682,150.10,216.76,2.11
113.68151581,34.58309568,150.10,215.91,2.11
113.68151398,34.58309457,150.09,214.99,2.11
113.68151213,34.58309351,150.09,213.99,2.08
113.68151029,34.58309246,150.08,212.92,2.08
113.68150746,34.58309098,150.07,211.30,2.08
113.68150463,34.58308955,150.06,209.62,2.08
113.68150079,34.58308777,150.05,207.40,2.03
113.68149886,34.58308692,150.05,206.28,2.03
113.68149690,34.58308613,150.04,205.18,2.03
113.68149494,34.58308537,150.04,204.04,2.03
113.68149297,34.58308464,150.03,202.93,2.03
113.68148903,34.58308331,150.03,200.72,1.97
113.68148707,34.58308269,150.03,199.64,1.94
113.68148511,34.58308211,150.03,198.56,1.94
113.68148315,34.58308156,150.02,197.48,1.94
113.68148117,34.58308104,150.02,196.41,1.94
113.68147920,34.58308055,150.01,195.33,1.94
113.68147721,34.58308009,150.01,194.23,1.92
113.68147524,34.58307967,150.01,193.13,1.92
113.68147325,34.58307928,150.01,192.04,1.92
113.68147128,34.58307893,150.00,190.98,1.89
113.68146931,34.58307862,150.00,189.90,1.89
113.68146736,34.58307834,150.00,188.82,1.86
113.68146544,34.58307810,150.00,187.76,1.81
113.68146169,34.58307770,150.01,185.71,1.78
113.68145988,34.58307756,150.01,184.72,1.72
113.68145808,34.58307743,150.01,183.71,1.69
113.68145459,34.58307723,150.00,181.85,1.64
113.68145290,34.58307718,150.01,181.00,1.61
113.68145122,34.58307714,150.01,180.14,1.58
113.68144956,34.58307713,150.01,179.32,1.56
113.68144716,34.58307716,150.01,178.19,1.47
113.68144479,34.58307721,150.01,177.12,1.47
113.68144324,34.58307726,150.01,176.49,1.44
113.68144170,34.58307732,150.01,175.93,1.42
113.68144019,34.58307740,150.01,175.39,1.39
113.68143868,34.58307748,150.01,174.88,1.39
113.68143721,34.58307760,150.01,174.42,1.39
113.68143574,34.58307770,150.01,173.98,1.33
113.68143429,34.58307781,150.01,173.58,1.33
113.68143287,34.58307793,150.01,173.26,1.33
113.68143146,34.58307806,150.01,172.98,1.31
113.68143006,34.58307820,150.01,172.72,1.28
113.68142869,34.58307835,150.01,172.47,1.28
113.68142733,34.58307849,150.01,172.22,1.25
113.68142602,34.58307864,150.01,172.01,1.25
113.68142471,34.58307878,150.01,171.85,1.19
113.68142345,34.58307894,150.01,171.73,1.19
113.68142220,34.58307909,150.01,171.63,1.17
113.68142100,34.58307923,150.01,171.54,1.14
113.68141987,34.58307938,150.01,171.45,1.08
113.68141881,34.58307952,150.01,171.29,1.03
113.68141779,34.58307963,150.01,171.13,1.00
113.68141601,34.58307987,150.01,170.88,0.86
113.68141452,34.58308008,150.01,170.67,0.72
113.68141332,34.58308025,150.01,170.50,0.58
113.68141204,34.58308045,150.01,170.33,0.42
113.68141090,34.58308082,150.03,170.17,0.00
113.68140948,34.58308102,150.03,169.99,0.28
113.68140836,34.58308119,150.03,169.84,0.44
113.68140704,34.58308137,150.03,169.70,0.56
113.68140554,34.58308159,150.03,169.57,0.61
113.68140389,34.58308184,150.03,169.47,0.69
113.68140209,34.58308213,150.03,169.42,0.78
113.68140013,34.58308243,150.03,169.40,0.86
113.68139911,34.58308258,150.03,169.40,0.89
113.68139805,34.58308275,150.04,169.42,0.92
113.68139694,34.58308292,150.04,169.45,0.94
113.68139580,34.58308308,150.03,169.49,1.00
113.68139461,34.58308325,150.03,169.54,1.03
113.68139207,34.58308363,150.03,169.68,1.14
113.68139072,34.58308384,150.03,169.75,1.17
113.68138932,34.58308404,150.03,169.82,1.19
113.68138786,34.58308427,150.03,169.90,1.28
113.68138636,34.58308448,150.03,169.98,1.33
113.68138479,34.58308472,150.03,170.08,1.39
113.68138317,34.58308496,150.03,170.18,1.44
113.68138150,34.58308518,150.03,170.29,1.47
113.68137980,34.58308542,150.03,170.43,1.50
113.68137805,34.58308566,150.04,170.57,1.56
113.68137628,34.58308590,150.04,170.72,1.58
113.68137448,34.58308616,150.04,170.91,1.61
113.68137267,34.58308639,150.04,171.10,1.64
113.68137082,34.58308663,150.04,171.26,1.67
113.68136896,34.58308684,150.04,171.46,1.67
113.68136707,34.58308708,150.04,171.67,1.69
113.68136517,34.58308733,150.05,171.89,1.72
113.68136326,34.58308755,150.05,172.13,1.72
113.68136133,34.58308776,150.05,172.40,1.75
113.68135938,34.58308797,150.05,172.67,1.75
113.68135742,34.58308817,150.05,172.93,1.78
113.68135544,34.58308838,150.05,173.25,1.81
113.68135346,34.58308857,150.05,173.58,1.81
113.68135145,34.58308874,150.05,173.91,1.81
113.68134945,34.58308892,150.05,174.27,1.81
113.68134742,34.58308910,150.06,174.61,1.83
113.68134538,34.58308926,150.06,174.92,1.83
113.68134333,34.58308940,150.06,175.25,1.83
113.68134127,34.58308954,150.06,175.57,1.86
113.68133919,34.58308967,150.06,175.87,1.89
113.68133710,34.58308981,150.06,176.18,1.89
113.68133500,34.58308993,150.06,176.44,1.89
113.68133290,34.58309003,150.06,176.70,1.89
113.68133078,34.58309013,150.07,176.97,1.92
113.68132867,34.58309022,150.07,177.23,1.92
113.68132653,34.58309030,150.07,177.49,1.92
113.68132440,34.58309038,150.07,177.78,1.94
113.68132227,34.58309045,150.07,178.11,1.94
113.68132015,34.58309052,150.07,178.41,1.94
113.68131802,34.58309057,150.07,178.70,1.94
113.68131591,34.58309061,150.07,179.02,1.94
113.68131381,34.58309065,150.07,179.36,1.94
113.68131175,34.58309065,150.07,179.64,1.89
113.68130970,34.58309066,150.07,179.95,1.89
113.68130770,34.58309066,150.07,180.30,1.86
113.68130572,34.58309065,150.07,180.63,1.83
113.68130378,34.58309063,150.07,180.96,1.81
113.68130189,34.58309060,150.07,181.33,1.78
113.68130004,34.58309057,150.07,181.72,1.75
113.68129821,34.58309052,150.07,182.08,1.69
113.68129641,34.58309047,150.07,182.47,1.69
113.68129464,34.58309042,150.07,182.91,1.64
113.68129289,34.58309035,150.07,183.32,1.64
113.68129117,34.58309027,150.07,183.72,1.61
113.68128949,34.58309019,150.07,184.16,1.56
113.68128782,34.58309010,150.07,184.63,1.56
113.68128619,34.58308998,150.07,185.07,1.53
113.68128459,34.58308985,150.07,185.54,1.53
113.68128302,34.58308973,150.07,186.04,1.47
113.68128146,34.58308960,150.07,186.50,1.47
113.68127995,34.58308945,150.07,186.96,1.44
113.68127844,34.58308930,150.07,187.45,1.42
113.68127697,34.58308914,150.07,187.92,1.42
113.68127550,34.58308898,150.07,188.34,1.39
113.68127407,34.58308880,150.07,188.79,1.36
113.68127264,34.58308862,150.07,189.23,1.33
113.68127123,34.58308843,150.07,189.67,1.33
113.68126987,34.58308824,150.06,190.11,1.33
113.68126853,34.58308804,150.06,190.53,1.28
113.68126721,34.58308785,150.06,190.93,1.28
113.68126597,34.58308766,150.06,191.30,1.19
113.68126488,34.58308749,150.07,191.62,1.14
113.68126342,34.58308724,150.07,192.08,0.78
113.68126229,34.58308709,150.03,192.51,0.00
113.68126100,34.58308686,150.03,192.87,0.31
113.68125984,34.58308663,150.04,193.20,0.47
113.68125847,34.58308637,150.04,193.55,0.56
113.68125691,34.58308607,150.04,193.94,0.69
113.68125520,34.58308572,150.04,194.33,0.75
113.68125335,34.58308534,150.04,194.76,0.83
113.68125143,34.58308491,150.04,195.18,0.86
113.68125042,34.58308469,150.04,195.40,0.89
113.68124940,34.58308446,150.04,195.61,0.92
113.68124834,34.58308422,150.04,195.84,0.94
113.68124728,34.58308397,150.04,196.07,0.97
113.68124619,34.58308372,150.04,196.29,1.00
113.68124510,34.58308345,150.04,196.52,1.00
113.68124398,34.58308318,150.04,196.76,1.00
113.68124284,34.58308291,150.05,196.99,1.03
113.68124171,34.58308261,150.05,197.23,1.06
113.68124055,34.58308230,150.05,197.46,1.08
113.68123936,34.58308200,150.05,197.71,1.08
113.68123817,34.58308168,150.05,197.96,1.11
113.68123694,34.58308136,150.05,198.22,1.11
113.68123570,34.58308103,150.05,198.48,1.14
113.68123442,34.58308068,150.05,198.75,1.17
113.68123313,34.58308032,150.05,199.02,1.19
113.68123179,34.58307995,150.05,199.33,1.25
113.68123042,34.58307957,150.05,199.65,1.28
113.68122905,34.58307916,150.05,199.97,1.31
113.68122764,34.58307874,150.05,200.33,1.33
113.68122621,34.58307830,150.05,200.66,1.33
113.68122476,34.58307785,150.05,201.02,1.39
113.68122328,34.58307739,150.05,201.43,1.39
113.68122179,34.58307690,150.05,201.80,1.42
113.68122026,34.58307641,150.06,202.20,1.47
113.68121873,34.58307589,150.06,202.65,1.47
113.68121718,34.58307536,150.06,203.11,1.50
113.68121562,34.58307482,150.06,203.57,1.50
113.68121407,34.58307426,150.06,204.04,1.53
113.68121252,34.58307369,150.07,204.54,1.53
113.68121097,34.58307311,150.07,205.05,1.53
113.68120943,34.58307252,150.07,205.56,1.56
113.68120787,34.58307192,150.07,206.11,1.56
113.68120636,34.58307131,150.07,206.68,1.56
113.68120483,34.58307068,150.07,207.25,1.56
113.68120334,34.58307004,150.07,207.82,1.56
113.68120185,34.58306940,150.07,208.39,1.56
113.68120038,34.58306876,150.08,208.96,1.56
113.68119895,34.58306810,150.08,209.55,1.53
113.68119753,34.58306743,150.08,210.15,1.53
113.68119611,34.58306676,150.08,210.74,1.53
113.68119473,34.58306608,150.08,211.31,1.53
113.68119334,34.58306540,150.08,211.92,1.50
113.68119198,34.58306471,150.08,212.56,1.50
113.68119063,34.58306400,150.08,213.14,1.50
113.68118932,34.58306329,150.08,213.72,1.47
113.68118801,34.58306257,150.08,214.36,1.47
113.68118671,34.58306185,150.08,214.97,1.47
113.68118545,34.58306112,150.08,215.56,1.44
113.68118421,34.58306040,150.08,216.16,1.42
113.68118297,34.58305966,150.09,216.79,1.42
113.68118177,34.58305891,150.09,217.40,1.42
113.68118060,34.58305817,150.09,217.99,1.39
113.68117948,34.58305745,150.09,218.57,1.36
113.68117840,34.58305676,150.09,219.13,1.33
113.68117643,34.58305542,150.09,220.17,1.22
113.68117467,34.58305418,150.09,221.12,1.11
113.68117316,34.58305309,150.09,221.94,0.97
113.68117192,34.58305217,150.09,222.64,0.83
113.68117090,34.58305140,150.09,223.23,0.69
113.68116957,34.58305038,150.09,223.99,0.56
113.68116841,34.58304946,150.09,224.65,0.50
113.68116711,34.58304838,150.09,225.43,0.42
113.68116605,34.58304748,150.09,226.06,0.33
113.68116504,34.58304662,150.08,226.55,0.00
113.68116394,34.58304562,150.09,227.26,0.28
113.68116277,34.58304458,150.09,227.91,0.47
113.68116132,34.58304325,150.10,228.67,0.64
113.68116024,34.58304224,150.10,229.19,0.69
113.68115906,34.58304112,150.10,229.70,0.78
113.68115780,34.58303990,150.10,230.16,0.86
113.68115647,34.58303859,150.10,230.56,0.89
113.68115507,34.58303719,150.10,230.90,0.94
113.68115362,34.58303572,150.10,231.25,1.00
113.68115206,34.58303412,150.10,231.61,1.08
113.68115040,34.58303239,150.10,231.98,1.17
113.68114862,34.58303052,150.10,232.43,1.28
113.68114768,34.58302952,150.10,232.66,1.33
113.68114672,34.58302849,150.10,232.89,1.36
113.68114575,34.58302743,150.10,233.16,1.42
113.68114372,34.58302519,150.10,233.68,1.50
113.68114268,34.58302402,150.10,233.96,1.56
113.68114161,34.58302281,150.10,234.27,1.61
113.68114053,34.58302156,150.10,234.59,1.64
113.68113943,34.58302028,150.10,234.92,1.69
113.68113832,34.58301897,150.10,235.26,1.72
113.68113718,34.58301763,150.10,235.62,1.75
113.68113603,34.58301626,150.10,235.99,1.81
113.68113490,34.58301485,150.10,236.39,1.83
113.68113374,34.58301342,150.10,236.83,1.86
113.68113142,34.58301045,150.10,237.72,1.94
113.68113025,34.58300893,150.10,238.19,1.94
113.68112908,34.58300738,150.10,238.67,1.97
113.68112792,34.58300581,150.10,239.15,2.00
113.68112678,34.58300422,150.10,239.65,2.03
113.68112563,34.58300262,150.10,240.18,2.03
113.68112451,34.58300100,150.10,240.70,2.06
113.68112342,34.58299937,150.10,241.24,2.06
113.68112234,34.58299774,150.10,241.80,2.06
113.68112128,34.58299612,150.10,242.39,2.06
113.68112025,34.58299449,150.10,243.03,2.06
113.68111924,34.58299287,150.10,243.70,2.06
113.68111826,34.58299124,150.10,244.37,2.03
113.68111732,34.58298961,150.10,245.02,2.03
113.68111641,34.58298796,150.10,245.72,2.03
113.68111550,34.58298631,150.10,246.48,2.03
113.68111461,34.58298465,150.10,247.23,2.03
113.68111377,34.58298298,150.10,247.98,2.03
113.68111295,34.58298129,150.10,248.74,2.03
113.68111214,34.58297959,150.10,249.55,2.03
113.68111136,34.58297789,150.10,250.37,2.03
113.68111061,34.58297616,150.10,251.22,2.03
113.68110988,34.58297444,150.10,252.10,2.03
113.68110919,34.58297268,150.10,252.98,2.06
113.68110853,34.58297092,150.10,253.85,2.08
113.68110790,34.58296913,150.11,254.70,2.08
113.68110730,34.58296732,150.10,255.58,2.08
113.68110674,34.58296551,150.11,256.48,2.11
113.68110621,34.58296368,150.11,257.36,2.11
113.68110570,34.58296183,150.11,258.24,2.11
113.68110524,34.58295997,150.11,259.12,2.11
113.68110481,34.58295809,150.11,259.99,2.11
113.68110440,34.58295621,150.11,260.86,2.11
113.68110401,34.58295431,150.11,261.71,2.17
113.68110368,34.58295240,150.11,262.56,2.17
113.68110337,34.58295047,150.11,263.43,2.17
113.68110309,34.58294852,150.11,264.27,2.17
113.68110286,34.58294656,150.11,265.08,2.19
113.68110266,34.58294459,150.11,265.84,2.22
113.68110248,34.58294258,150.11,266.58,2.22
113.68110232,34.58294057,150.11,267.32,2.25
113.68110220,34.58293854,150.11,268.06,2.25
113.68110211,34.58293651,150.11,268.82,2.25
113.68110205,34.58293445,150.11,269.57,2.25
113.68110202,34.58293240,150.11,270.30,2.25
113.68110204,34.58293032,150.11,271.01,2.28
113.68110208,34.58292823,150.11,271.71,2.31
113.68110224,34.58292404,150.11,273.14,2.33
113.68110253,34.58291981,150.11,274.54,2.36
113.68110273,34.58291767,150.11,275.22,2.36
113.68110298,34.58291554,150.11,275.82,2.36
113.68110324,34.58291338,150.11,276.43,2.39
113.68110356,34.58291123,150.10,277.08,2.39
113.68110389,34.58290906,150.10,277.70,2.42
113.68110425,34.58290689,150.10,278.28,2.42
113.68110464,34.58290472,150.10,278.88,2.42
113.68110504,34.58290256,150.10,279.50,2.42
113.68110546,34.58290040,150.10,280.08,2.42
113.68110593,34.58289826,150.10,280.68,2.42
113.68110642,34.58289612,150.10,281.28,2.42
113.68110694,34.58289400,150.10,281.87,2.42
113.68110747,34.58289188,150.10,282.45,2.42
113.68110804,34.58288978,150.10,283.03,2.42
113.68110864,34.58288768,150.10,283.60,2.42
113.68110926,34.58288560,150.10,284.18,2.42
113.68110989,34.58288353,150.10,284.72,2.39
113.68111054,34.58288146,150.10,285.24,2.39
113.68111120,34.58287940,150.10,285.76,2.39
113.68111189,34.58287736,150.10,286.25,2.36
113.68111262,34.58287532,150.10,286.75,2.36
113.68111337,34.58287331,150.09,287.29,2.36
113.68111413,34.58287129,150.09,287.79,2.36
113.68111491,34.58286929,150.09,288.27,2.36
113.68111570,34.58286729,150.10,288.76,2.33
113.68111652,34.58286531,150.10,289.24,2.33
113.68111735,34.58286335,150.10,289.73,2.33
113.68111820,34.58286140,150.10,290.20,2.31
113.68111906,34.58285946,150.10,290.67,2.31
113.68111993,34.58285755,150.10,291.17,2.28
113.68112082,34.58285565,150.10,291.64,2.25
113.68112171,34.58285379,150.10,292.09,2.25
113.68112260,34.58285196,150.10,292.56,2.22
113.68112350,34.58285016,150.10,293.01,2.19
113.68112441,34.58284839,150.10,293.45,2.14
113.68112533,34.58284664,150.10,293.88,2.11
113.68112623,34.58284494,150.10,294.32,2.11
113.68112713,34.58284325,150.10,294.74,2.08
113.68112805,34.58284159,150.10,295.14,2.03
113.68112896,34.58283997,150.10,295.57,2.00
113.68112990,34.58283837,150.10,295.98,1.97
113.68113084,34.58283682,150.10,296.38,1.94
113.68113176,34.58283528,150.10,296.79,1.94
113.68113267,34.58283379,150.10,297.19,1.89
113.68113358,34.58283233,150.10,297.58,1.83
113.68113449,34.58283091,150.11,297.98,1.81
113.68113537,34.58282954,150.11,298.38,1.78
113.68113624,34.58282820,150.10,298.76,1.75
113.68113798,34.58282560,150.10,299.55,1.67
113.68113886,34.58282434,150.10,299.94,1.64
113.68113971,34.58282311,150.10,300.34,1.61
113.68114057,34.58282190,150.10,300.73,1.58
113.68114141,34.58282073,150.10,301.10,1.56
113.68114227,34.58281957,150.10,301.48,1.53
113.68114312,34.58281844,150.10,301.88,1.50
113.68114395,34.58281734,150.10,302.27,1.47
113.68114479,34.58281626,150.10,302.62,1.47
113.68114562,34.58281519,150.10,302.97,1.42
113.68114644,34.58281416,150.10,303.33,1.42
113.68114726,34.58281314,150.10,303.70,1.39
113.68114888,34.58281116,150.10,304.38,1.33
113.68115046,34.58280924,150.10,305.08,1.31
113.68115203,34.58280742,150.10,305.73,1.25
113.68115357,34.58280565,150.10,306.37,1.22
113.68115510,34.58280396,150.10,306.99,1.19
113.68115660,34.58280233,150.10,307.58,1.14
113.68115806,34.58280076,150.10,308.20,1.11
113.68115951,34.58279926,150.10,308.86,1.08
113.68116099,34.58279774,150.10,309.53,1.08
113.68116251,34.58279624,150.10,310.30,1.08
113.68116405,34.58279475,150.10,311.07,1.08
113.68116562,34.58279324,150.09,311.88,1.08
113.68116724,34.58279175,150.09,312.67,1.11
113.68116885,34.58279029,150.10,313.45,1.11
113.68117037,34.58278895,150.10,314.20,1.03
113.68117179,34.58278774,150.09,314.86,0.97
113.68117313,34.58278663,150.09,315.50,0.86
113.68117438,34.58278559,150.10,316.09,0.83
113.68117558,34.58278463,150.10,316.63,0.78
113.68117669,34.58278375,150.10,317.15,0.72
113.68117773,34.58278295,150.10,317.61,0.67
113.68117913,34.58278188,150.10,318.24,0.56
113.68118068,34.58278073,150.10,318.93,0.44
113.68118171,34.58277999,150.09,319.39,0.42
113.68118277,34.58277922,150.09,319.88,0.39
113.68118411,34.58277827,150.09,320.47,0.50
113.68118520,34.58277752,150.09,320.94,0.58
113.68118642,34.58277670,150.09,321.46,0.69
113.68118774,34.58277581,150.09,322.03,0.72
113.68118918,34.58277487,150.09,322.60,0.81
113.68119072,34.58277388,150.09,323.20,0.86
113.68119236,34.58277285,150.09,323.78,0.89
113.68119409,34.58277180,150.09,324.38,0.97
113.68119591,34.58277071,150.09,325.00,1.00
113.68119782,34.58276960,150.09,325.65,1.03
113.68119882,34.58276903,150.09,325.98,1.06
113.68119988,34.58276843,150.09,326.34,1.11
113.68120099,34.58276780,150.09,326.72,1.17
113.68120217,34.58276715,150.09,327.09,1.22
113.68120341,34.58276648,150.09,327.48,1.31
113.68120472,34.58276578,150.09,327.90,1.33
113.68120608,34.58276506,150.09,328.34,1.42
113.68120752,34.58276432,150.09,328.78,1.50
113.68120903,34.58276355,150.09,329.22,1.56
113.68121060,34.58276277,150.09,329.70,1.61
113.68121223,34.58276196,150.10,330.19,1.69
113.68121569,34.58276033,150.10,331.20,1.81
113.68121752,34.58275949,150.10,331.74,1.86
113.68121941,34.58275865,150.10,332.27,1.92
113.68122136,34.58275779,150.10,332.82,1.94
113.68122337,34.58275694,150.10,333.43,2.03
113.68122544,34.58275608,150.10,334.02,2.08
113.68122755,34.58275523,150.10,334.59,2.11
113.68122971,34.58275439,150.10,335.20,2.17
113.68123191,34.58275357,150.10,335.83,2.19
113.68123415,34.58275274,150.10,336.44,2.22
113.68123642,34.58275191,150.11,337.08,2.25
113.68123873,34.58275109,150.11,337.71,2.28
113.68124108,34.58275029,150.11,338.35,2.28
113.68124346,34.58274950,150.11,339.01,2.33
113.68124588,34.58274873,150.11,339.67,2.36
113.68124835,34.58274798,150.11,340.33,2.39
113.68125086,34.58274725,150.11,341.00,2.42
113.68125338,34.58274652,150.11,341.67,2.44
113.68125594,34.58274582,150.11,342.34,2.44
113.68125853,34.58274514,150.11,343.03,2.50
113.68126112,34.58274449,150.11,343.73,2.50
113.68126373,34.58274385,150.12,344.43,2.50
113.68126635,34.58274324,150.12,345.14,2.50
113.68126900,34.58274264,150.12,345.88,2.53
113.68127166,34.58274208,150.12,346.60,2.53
113.68127436,34.58274156,150.12,347.30,2.53
113.68127708,34.58274107,150.12,348.03,2.53
113.68127980,34.58274060,150.12,348.81,2.56
113.68128254,34.58274016,150.13,349.55,2.58
113.68128530,34.58273974,150.13,350.28,2.58
113.68128805,34.58273935,150.13,351.07,2.58
113.68129081,34.58273899,150.14,351.84,2.58
113.68129357,34.58273866,150.14,352.59,2.58
113.68129634,34.58273836,150.14,353.35,2.58
113.68129911,34.58273809,150.14,354.13,2.58
113.68130190,34.58273785,150.14,354.91,2.58
113.68130469,34.58273764,150.14,355.67,2.58
113.68130748,34.58273747,150.14,356.42,2.58
113.68131026,34.58273733,150.14,357.20,2.58
113.68131305,34.58273720,150.14,358.03,2.58
113.68131582,34.58273713,150.14,358.84,2.58
113.68131859,34.58273708,150.13,359.63,2.58
113.68132411,34.58273709,150.13,1.25,2.56
113.68132685,34.58273714,150.13,2.04,2.56
113.68132960,34.58273720,150.13,2.84,2.56
113.68133234,34.58273730,150.12,3.65,2.56
113.68133506,34.58273744,150.12,4.45,2.56
113.68133778,34.58273761,150.12,5.27,2.56
113.68134051,34.58273780,150.12,6.12,2.53
113.68134321,34.58273803,150.11,6.94,2.53
113.68134593,34.58273829,150.11,7.76,2.53
113.68134863,34.58273859,150.11,8.61,2.53
113.68135133,34.58273892,150.11,9.46,2.53
113.68135402,34.58273930,150.11,10.33,2.53
113.68135671,34.58273969,150.10,11.21,2.53
113.68135940,34.58274011,150.10,12.11,2.53
113.68136206,34.58274057,150.10,13.03,2.53
113.68136471,34.58274107,150.10,13.97,2.53
113.68136735,34.58274161,150.10,14.89,2.53
113.68136998,34.58274218,150.10,15.84,2.53
113.68137260,34.58274278,150.10,16.82,2.53
113.68137519,34.58274343,150.10,17.76,2.53
113.68137778,34.58274412,150.10,18.63,2.53
113.68138036,34.58274485,150.10,19.56,2.53
113.68138294,34.58274559,150.09,20.53,2.53
113.68138551,34.58274638,150.09,21.45,2.53
113.68138805,34.58274721,150.09,22.35,2.53
113.68139057,34.58274807,150.09,23.28,2.53
113.68139307,34.58274897,150.09,24.18,2.53
113.68139557,34.58274990,150.09,25.06,2.53
113.68139806,34.58275084,150.10,25.97,2.53
113.68140052,34.58275184,150.09,26.86,2.53
113.68140295,34.58275286,150.09,27.75,2.53
113.68140536,34.58275392,150.09,28.68,2.53
113.68140776,34.58275501,150.09,29.60,2.53
113.68141015,34.58275613,150.09,30.51,2.53
113.68141250,34.58275729,150.09,31.40,2.53
113.68141483,34.58275847,150.09,32.32,2.53
113.68141943,34.58276093,150.09,34.24,2.53
113.68142168,34.58276221,150.09,35.19,2.53
113.68142390,34.58276352,150.09,36.17,2.53
113.68142608,34.58276484,150.09,37.20,2.53
113.68142821,34.58276619,150.09,38.19,2.50
113.68143028,34.58276757,150.09,39.18,2.47
113.68143229,34.58276896,150.09,40.20,2.44
113.68143424,34.58277036,150.09,41.15,2.44
113.68143615,34.58277176,150.09,42.07,2.42
113.68143802,34.58277315,150.09,43.02,2.39
113.68143982,34.58277454,150.09,43.94,2.33
113.68144155,34.58277594,150.09,44.82,2.28
113.68144321,34.58277732,150.09,45.69,2.25
113.68144482,34.58277869,150.09,46.58,2.19
113.68144636,34.58278005,150.09,47.40,2.14
113.68144784,34.58278140,150.09,48.20,2.08
113.68144928,34.58278273,150.09,49.02,2.06
113.68145064,34.58278404,150.08,49.76,1.97
113.68145195,34.58278535,150.08,50.47,1.94
113.68145323,34.58278663,150.08,51.21,1.94
113.68145447,34.58278790,150.08,51.89,1.86
113.68145565,34.58278916,150.08,52.48,1.83
113.68145681,34.58279039,150.08,53.10,1.81
113.68145792,34.58279161,150.08,53.72,1.75
113.68145898,34.58279281,150.08,54.27,1.69
113.68145999,34.58279399,150.08,54.79,1.67
113.68146097,34.58279514,150.08,55.33,1.61
113.68146191,34.58279624,150.08,55.82,1.56
113.68146279,34.58279730,150.08,56.27,1.53
113.68146364,34.58279833,150.08,56.72,1.42
113.68146516,34.58280025,150.08,57.52,1.33
113.68146649,34.58280196,150.08,58.19,1.17
113.68146760,34.58280343,150.08,58.75,1.00
113.68146850,34.58280464,150.08,59.21,0.83
113.68146942,34.58280590,150.08,59.69,0.56
