113.67910542,34.58783674,147.47,359.44,0.00
113.67910672,34.58783672,147.45,359.41,0.36
113.67910831,34.58783670,147.46,359.38,0.72
113.67910935,34.58783669,147.46,359.35,0.86
113.67911056,34.58783668,147.46,359.32,1.00
113.67911187,34.58783666,147.46,359.29,1.17
113.67911333,34.58783664,147.46,359.25,1.28
113.67911489,34.58783662,147.46,359.22,1.36
113.67911656,34.58783659,147.46,359.18,1.47
113.67911832,34.58783656,147.46,359.13,1.53
113.67912013,34.58783654,147.46,359.08,1.61
113.67912295,34.58783649,147.46,359.00,1.69
113.67912583,34.58783643,147.46,358.92,1.69
113.67912779,34.58783640,147.46,358.88,1.72
113.67912970,34.58783636,147.46,358.83,1.72
113.67913164,34.58783631,147.46,358.79,1.72
113.67913354,34.58783626,147.46,358.75,1.69
113.67913544,34.58783622,147.47,358.71,1.69
113.67913732,34.58783618,147.46,358.67,1.69
113.67913914,34.58783613,147.46,358.63,1.67
113.67914093,34.58783609,147.46,358.59,1.64
113.67914274,34.58783604,147.46,358.55,1.64
113.67914451,34.58783601,147.46,358.50,1.61
113.67914628,34.58783596,147.46,358.45,1.61
113.67914802,34.58783592,147.46,358.42,1.58
113.67914975,34.58783588,147.46,358.38,1.56
113.67915144,34.58783584,147.46,358.35,1.56
113.67915314,34.58783579,147.46,358.34,1.53
113.67915483,34.58783575,147.46,358.31,1.50
113.67915650,34.58783570,147.46,358.28,1.50
113.67915820,34.58783565,147.46,358.26,1.50
113.67915994,34.58783560,147.46,358.23,1.56
113.67916171,34.58783557,147.46,358.20,1.58
113.67916352,34.58783552,147.46,358.18,1.61
113.67916535,34.58783548,147.46,358.15,1.64
113.67916725,34.58783543,147.46,358.11,1.67
113.67916917,34.58783539,147.46,358.07,1.72
113.67917116,34.58783533,147.46,358.05,1.78
113.67917320,34.58783527,147.46,358.03,1.81
113.67917528,34.58783523,147.46,358.00,1.86
113.67917740,34.58783518,147.46,357.99,1.94
113.67917960,34.58783511,147.46,357.97,1.94
113.67918178,34.58783502,147.46,357.95,2.00
113.67918409,34.58783496,147.46,357.94,2.08
113.67918642,34.58783488,147.46,357.94,2.11
113.67918883,34.58783480,147.45,357.93,2.17
113.67919379,34.58783462,147.46,357.88,2.25
113.67919637,34.58783455,147.46,357.88,2.31
113.67919896,34.58783445,147.45,357.86,2.39
113.67920161,34.58783436,147.46,357.84,2.42
113.67920433,34.58783426,147.46,357.83,2.44
113.67920709,34.58783418,147.46,357.82,2.53
113.67920992,34.58783409,147.45,357.81,2.56
113.67921278,34.58783399,147.45,357.79,2.58
113.67921571,34.58783390,147.45,357.77,2.67
113.67921868,34.58783380,147.45,357.76,2.69
113.67922171,34.58783370,147.45,357.74,2.72
113.67922480,34.58783361,147.45,357.73,2.81
113.67922792,34.58783351,147.45,357.73,2.83
113.67923108,34.58783339,147.45,357.73,2.86
113.67923431,34.58783328,147.45,357.73,2.92
113.67923756,34.58783313,147.46,357.72,2.94
113.67924088,34.58783301,147.45,357.69,3.00
113.67924763,34.58783276,147.45,357.69,3.08
113.67925108,34.58783263,147.45,357.67,3.14
113.67925458,34.58783251,147.45,357.65,3.19
113.67925814,34.58783239,147.45,357.66,3.22
113.67926171,34.58783228,147.45,357.64,3.25
113.67926532,34.58783215,147.45,357.62,3.28
113.67926897,34.58783201,147.45,357.61,3.31
113.67927260,34.58783186,147.45,357.61,3.31
113.67927624,34.58783172,147.45,357.60,3.31
113.67927988,34.58783160,147.45,357.59,3.31
113.67928349,34.58783147,147.45,357.58,3.28
113.67928708,34.58783135,147.45,357.54,3.28
113.67929066,34.58783122,147.45,357.53,3.25
113.67929420,34.58783109,147.45,357.54,3.22
113.67929770,34.58783096,147.45,357.53,3.19
113.67930117,34.58783081,147.45,357.54,3.17
113.67930462,34.58783068,147.45,357.56,3.17
113.67930805,34.58783056,147.44,357.57,3.14
113.67931145,34.58783044,147.44,357.57,3.08
113.67931814,34.58783020,147.44,357.62,3.06
113.67932142,34.58783005,147.44,357.63,3.06
113.67932473,34.58782992,147.44,357.65,3.03
113.67932802,34.58782981,147.44,357.67,3.00
113.67933124,34.58782966,147.45,357.67,3.00
113.67933445,34.58782953,147.45,357.67,2.94
113.67933766,34.58782943,147.45,357.69,2.92
113.67934085,34.58782936,147.44,357.72,2.89
113.67934399,34.58782925,147.44,357.73,2.86
113.67934709,34.58782917,147.44,357.74,2.81
113.67935013,34.58782907,147.44,357.76,2.78
113.67935315,34.58782897,147.44,357.76,2.72
113.67935611,34.58782888,147.44,357.76,2.69
113.67935900,34.58782879,147.43,357.78,2.50
113.67936177,34.58782871,147.43,357.82,2.67
113.67936459,34.58782864,147.43,357.81,2.58
113.67936740,34.58782854,147.43,357.83,2.50
113.67937020,34.58782843,147.43,357.85,2.56
113.67937161,34.58782839,147.42,357.85,2.58
113.67937584,34.58782822,147.42,357.82,2.58
113.67937872,34.58782813,147.42,357.79,2.61
113.67938162,34.58782803,147.42,357.76,2.64
113.67938457,34.58782793,147.42,357.73,2.67
113.67938752,34.58782783,147.43,357.69,2.69
113.67939043,34.58782769,147.46,357.66,2.58
113.67939340,34.58782756,147.45,357.63,2.75
113.67939638,34.58782745,147.43,357.58,2.75
113.67939938,34.58782735,147.41,357.54,2.75
113.67940238,34.58782725,147.40,357.49,2.75
113.67940539,34.58782716,147.41,357.46,2.72
113.67940839,34.58782705,147.41,357.43,2.72
113.67941140,34.58782696,147.41,357.39,2.72
113.67941440,34.58782684,147.41,357.36,2.72
113.67941739,34.58782672,147.41,357.32,2.72
113.67942038,34.58782661,147.41,357.29,2.72
113.67942337,34.58782651,147.41,357.24,2.72
113.67942636,34.58782639,147.41,357.20,2.72
113.67942934,34.58782624,147.40,357.17,2.72
113.67943231,34.58782611,147.40,357.14,2.72
113.67943528,34.58782596,147.40,357.11,2.69
113.67943821,34.58782583,147.40,357.08,2.67
113.67944112,34.58782567,147.41,357.06,2.67
113.67944687,34.58782542,147.40,357.00,2.61
113.67944968,34.58782526,147.40,356.96,2.58
113.67945248,34.58782510,147.40,356.95,2.58
113.67945524,34.58782498,147.40,356.92,2.53
113.67945801,34.58782484,147.40,356.89,2.50
113.67946073,34.58782471,147.40,356.88,2.47
113.67946344,34.58782456,147.40,356.87,2.44
113.67946610,34.58782443,147.40,356.84,2.44
113.67946874,34.58782427,147.40,356.80,2.39
113.67947134,34.58782415,147.40,356.77,2.36
113.67947391,34.58782404,147.40,356.76,2.36
113.67947645,34.58782389,147.40,356.73,2.31
113.67947896,34.58782377,147.40,356.70,2.25
113.67948141,34.58782364,147.40,356.69,2.22
113.67948617,34.58782340,147.40,356.66,2.17
113.67948851,34.58782328,147.40,356.62,2.17
113.67949086,34.58782316,147.39,356.55,2.14
113.67949321,34.58782303,147.40,356.52,2.11
113.67949438,34.58782297,147.40,356.51,2.11
113.67949787,34.58782279,147.39,356.44,2.11
113.67950022,34.58782266,147.40,356.38,2.11
113.67950257,34.58782254,147.40,356.34,2.11
113.67950491,34.58782241,147.39,356.29,2.11
113.67950722,34.58782227,147.39,356.23,2.11
113.67950956,34.58782214,147.39,356.17,2.11
113.67951184,34.58782199,147.39,356.08,2.11
113.67951419,34.58782186,147.39,355.95,2.11
113.67951652,34.58782172,147.39,355.77,2.11
113.67951886,34.58782158,147.39,355.56,2.11
113.67952121,34.58782142,147.39,355.30,2.11
113.67952352,34.58782124,147.39,355.01,2.11
113.67952584,34.58782104,147.39,354.69,2.11
113.67952817,34.58782086,147.39,354.37,2.11
113.67953053,34.58782066,147.39,354.00,2.11
113.67953288,34.58782046,147.38,353.54,2.11
113.67953760,34.58782002,147.38,352.41,2.11
113.67953996,34.58781975,147.39,351.78,2.14
113.67954232,34.58781947,147.38,351.07,2.17
113.67954470,34.58781917,147.38,350.27,2.17
113.67954713,34.58781883,147.39,349.37,2.22
113.67954956,34.58781843,147.39,348.41,2.22
113.67955201,34.58781800,147.39,347.40,2.25
113.67955453,34.58781755,147.39,346.33,2.31
113.67955703,34.58781704,147.39,345.21,2.36
113.67955961,34.58781649,147.38,344.09,2.39
113.67956215,34.58781590,147.38,342.91,2.42
113.67956476,34.58781528,147.38,341.61,2.44
113.67956733,34.58781460,147.38,340.22,2.50
113.67956991,34.58781383,147.38,338.78,2.50
113.67957253,34.58781300,147.38,337.22,2.56
113.67957517,34.58781212,147.38,335.52,2.58
113.67957776,34.58781114,147.37,333.73,2.64
113.67958036,34.58781010,147.37,331.88,2.67
113.67958294,34.58780895,147.37,329.95,2.75
113.67958553,34.58780774,147.36,328.01,2.78
113.67958811,34.58780642,147.36,326.12,2.81
113.67959065,34.58780504,147.36,324.19,2.86
113.67959318,34.58780355,147.36,322.17,2.86
113.67959565,34.58780195,147.36,320.19,2.92
113.67959805,34.58780026,147.35,318.21,2.97
113.67960046,34.58779849,147.34,316.14,3.06
113.67960284,34.58779664,147.34,314.00,3.06
113.67960738,34.58779259,147.34,309.74,3.14
113.67960949,34.58779039,147.34,307.52,3.17
113.67961152,34.58778816,147.33,305.20,3.19
113.67961348,34.58778581,147.33,302.83,3.22
113.67961536,34.58778342,147.33,300.39,3.25
113.67961714,34.58778095,147.33,297.95,3.28
113.67961879,34.58777838,147.34,295.55,3.31
113.67962031,34.58777574,147.35,293.15,3.28
113.67962165,34.58777306,147.36,290.83,3.28
113.67962287,34.58777031,147.37,288.61,3.28
113.67962399,34.58776753,147.37,286.46,3.31
113.67962499,34.58776470,147.39,284.41,3.31
113.67962586,34.58776184,147.39,282.52,3.31
113.67962660,34.58775894,147.40,280.77,3.33
113.67962725,34.58775601,147.41,279.17,3.33
113.67962781,34.58775306,147.42,277.69,3.33
113.67962827,34.58775008,147.43,276.35,3.33
113.67962864,34.58774709,147.44,275.09,3.33
113.67962897,34.58774408,147.46,273.90,3.33
113.67962918,34.58774106,147.47,272.84,3.36
113.67962935,34.58773800,147.48,271.90,3.36
113.67962943,34.58773493,147.49,271.06,3.36
113.67962948,34.58772874,147.52,269.73,3.42
113.67962946,34.58772562,147.53,269.24,3.42
113.67962940,34.58772249,147.55,268.84,3.47
113.67962930,34.58771934,147.56,268.49,3.47
113.67962916,34.58771616,147.58,268.19,3.50
113.67962905,34.58771296,147.59,267.94,3.50
113.67962887,34.58770972,147.61,267.73,3.56
113.67962871,34.58770646,147.62,267.57,3.61
113.67962851,34.58770317,147.64,267.43,3.61
113.67962834,34.58769984,147.65,267.28,3.67
113.67962802,34.58769480,147.68,267.12,3.72
113.67962770,34.58768970,147.70,267.02,3.78
113.67962744,34.58768627,147.72,266.93,3.78
113.67962718,34.58768280,147.74,266.86,3.83
113.67962695,34.58767930,147.76,266.83,3.89
113.67962671,34.58767580,147.77,266.82,3.89
113.67962647,34.58767224,147.79,266.80,3.92
113.67962622,34.58766867,147.81,266.79,3.97
113.67962597,34.58766506,147.84,266.79,3.97
113.67962571,34.58766144,147.86,266.77,4.00
113.67962519,34.58765409,147.90,266.74,4.08
113.67962490,34.58765038,147.92,266.73,4.11
113.67962462,34.58764666,147.94,266.72,4.14
113.67962436,34.58764289,147.96,266.70,4.17
113.67962406,34.58763910,147.98,266.71,4.19
113.67962379,34.58763528,148.00,266.75,4.25
113.67962350,34.58763143,148.02,266.78,4.28
113.67962322,34.58762755,148.05,266.79,4.31
113.67962295,34.58762365,148.07,266.82,4.33
113.67962268,34.58761972,148.09,266.85,4.36
113.67962214,34.58761178,148.14,266.97,4.42
113.67962187,34.58760778,148.16,267.02,4.42
113.67962162,34.58760378,148.18,267.07,4.42
113.67962136,34.58759980,148.21,267.12,4.42
113.67962112,34.58759583,148.23,267.18,4.39
113.67962086,34.58759191,148.25,267.23,4.33
113.67962063,34.58758802,148.28,267.29,4.31
113.67962036,34.58758417,148.30,267.33,4.28
113.67962015,34.58758035,148.32,267.39,4.25
113.67961994,34.58757655,148.34,267.44,4.25
113.67961970,34.58757276,148.36,267.50,4.22
113.67961928,34.58756517,148.41,267.59,4.22
113.67961905,34.58756136,148.43,267.64,4.22
113.67961886,34.58755756,148.45,267.69,4.19
113.67961865,34.58755376,148.48,267.73,4.19
113.67961846,34.58754995,148.50,267.77,4.19
113.67961826,34.58754614,148.52,267.81,4.19
113.67961808,34.58754232,148.54,267.85,4.22
113.67961799,34.58754041,148.56,267.87,4.22
113.67961759,34.58753276,148.60,267.95,4.22
113.67961733,34.58752701,148.63,267.99,4.25
113.67961716,34.58752317,148.65,268.02,4.25
113.67961700,34.58751933,148.67,268.05,4.25
113.67961683,34.58751548,148.69,268.07,4.25
113.67961667,34.58751164,148.72,268.09,4.25
113.67961650,34.58750783,148.74,268.11,4.25
113.67961634,34.58750404,148.76,268.12,4.19
113.67961619,34.58750028,148.78,268.14,4.17
113.67961587,34.58749288,148.82,268.16,3.78
113.67961572,34.58748921,148.84,268.19,4.00
113.67961558,34.58748555,148.86,268.21,4.06
113.67961544,34.58748187,148.88,268.20,4.08
113.67961530,34.58747818,148.89,268.21,4.11
113.67961516,34.58747447,148.92,268.21,4.11
113.67961501,34.58747080,148.96,268.21,4.03
113.67961487,34.58746707,148.98,268.20,4.17
113.67961472,34.58746332,148.99,268.20,4.19
113.67961457,34.58745955,148.99,268.21,4.19
113.67961444,34.58745576,149.01,268.20,4.19
113.67961430,34.58745196,149.03,268.21,4.19
113.67961415,34.58744814,149.06,268.22,4.19
113.67961401,34.58744431,149.08,268.21,4.22
113.67961384,34.58744045,149.10,268.23,4.25
113.67961369,34.58743659,149.12,268.23,4.28
113.67961352,34.58743270,149.15,268.23,4.31
113.67961338,34.58742881,149.17,268.23,4.31
113.67961324,34.58742490,149.19,268.23,4.31
113.67961307,34.58742096,149.21,268.23,4.33
113.67961291,34.58741701,149.23,268.23,4.36
113.67961275,34.58741306,149.25,268.24,4.39
113.67961259,34.58740908,149.27,268.24,4.39
113.67961245,34.58740510,149.29,268.24,4.39
113.67961229,34.58740109,149.31,268.24,4.42
113.67961213,34.58739710,149.33,268.25,4.42
113.67961198,34.58739313,149.35,268.26,4.39
113.67961183,34.58738918,149.38,268.26,4.36
113.67961169,34.58738526,149.40,268.27,4.33
113.67961153,34.58738135,149.42,268.29,4.31
113.67961137,34.58737746,149.44,268.30,4.31
113.67961123,34.58737359,149.46,268.31,4.31
113.67961109,34.58736974,149.48,268.32,4.28
113.67961095,34.58736588,149.50,268.34,4.28
113.67961081,34.58736203,149.52,268.36,4.28
113.67961067,34.58735817,149.54,268.37,4.28
113.67961052,34.58735432,149.56,268.39,4.28
113.67961039,34.58735047,149.58,268.40,4.28
113.67961026,34.58734662,149.60,268.41,4.28
113.67961010,34.58734277,149.62,268.43,4.28
113.67960997,34.58733893,149.64,268.44,4.28
113.67960985,34.58733508,149.66,268.45,4.28
113.67960974,34.58733121,149.68,268.46,4.28
113.67960962,34.58732737,149.70,268.48,4.28
113.67960948,34.58732351,149.72,268.49,4.28
113.67960935,34.58731967,149.75,268.50,4.28
113.67960923,34.58731582,149.77,268.52,4.28
113.67960912,34.58731199,149.79,268.53,4.25
113.67960900,34.58730818,149.81,268.54,4.19
113.67960887,34.58730440,149.83,268.55,4.17
113.67960875,34.58730067,149.85,268.56,4.11
113.67960863,34.58729700,149.88,268.57,4.06
113.67960852,34.58729338,149.90,268.55,3.97
113.67960841,34.58728982,149.92,268.54,3.94
113.67960829,34.58728629,149.94,268.53,3.92
113.67960818,34.58728278,149.95,268.51,3.89
113.67960795,34.58727581,149.99,268.41,3.89
113.67960783,34.58727231,150.01,268.35,3.86
113.67960754,34.58726529,150.05,268.20,3.89
113.67960740,34.58726174,150.07,268.12,3.92
113.67960725,34.58725817,150.09,268.03,3.94
113.67960710,34.58725458,150.11,267.95,3.97
113.67960695,34.58725096,150.13,267.86,3.97
113.67960678,34.58724731,150.16,267.78,4.03
113.67960660,34.58724364,150.18,267.69,4.06
113.67960641,34.58723995,150.20,267.61,4.08
113.67960622,34.58723623,150.22,267.52,4.11
113.67960602,34.58723249,150.24,267.43,4.14
113.67960581,34.58722872,150.26,267.35,4.14
113.67960559,34.58722492,150.28,267.26,4.19
113.67960537,34.58722110,150.29,267.17,4.19
113.67960514,34.58721725,150.31,267.08,4.22
113.67960488,34.58721340,150.33,266.99,4.22
113.67960435,34.58720572,150.36,266.80,4.22
113.67960410,34.58720188,150.38,266.71,4.22
113.67960355,34.58719421,150.40,266.53,4.25
113.67960326,34.58719035,150.41,266.45,4.25
113.67960297,34.58718648,150.42,266.36,4.25
113.67960267,34.58718262,150.43,266.27,4.31
113.67960236,34.58717872,150.45,266.18,4.31
113.67960203,34.58717484,150.45,266.11,4.31
113.67960172,34.58717094,150.46,266.02,4.31
113.67960140,34.58716705,150.47,265.94,4.31
113.67960105,34.58716316,150.47,265.92,4.31
113.67960071,34.58715927,150.49,265.93,4.28
113.67960037,34.58715538,150.50,265.91,4.31
113.67960004,34.58715147,150.49,265.89,4.31
113.67959971,34.58714753,150.49,265.89,4.36
113.67959936,34.58714357,150.49,265.89,4.39
113.67959902,34.58713959,150.49,265.89,4.39
113.67959866,34.58713558,150.49,265.89,4.42
113.67959794,34.58712754,150.50,265.91,4.44
113.67959760,34.58712353,150.50,265.92,4.44
113.67959726,34.58711952,150.51,265.94,4.42
113.67959689,34.58711555,150.50,265.95,4.39
113.67959654,34.58711160,150.50,265.99,4.39
113.67959620,34.58710766,150.51,266.03,4.33
113.67959588,34.58710374,150.51,266.07,4.33
113.67959555,34.58709981,150.51,266.10,4.33
113.67959522,34.58709590,150.51,266.18,4.39
113.67959490,34.58709199,150.50,266.25,4.33
113.67959460,34.58708807,150.51,266.31,4.31
113.67959429,34.58708414,150.52,266.34,4.36
113.67959397,34.58708021,150.53,266.43,4.33
113.67959369,34.58707625,150.53,266.50,4.39
113.67959343,34.58707230,150.53,266.54,4.33
113.67959316,34.58706833,150.54,266.58,4.36
113.67959286,34.58706435,150.54,266.64,4.36
113.67959256,34.58706038,150.55,266.71,4.39
113.67959226,34.58705643,150.55,266.76,4.36
113.67959199,34.58705249,150.55,266.81,4.36
113.67959170,34.58704858,150.55,266.84,4.33
113.67959146,34.58704469,150.55,266.89,4.31
113.67959120,34.58704082,150.55,266.96,4.28
113.67959092,34.58703698,150.55,267.03,4.25
113.67959065,34.58703318,150.55,267.07,4.22
113.67959042,34.58702941,150.55,267.11,4.17
113.67959021,34.58702571,150.56,267.16,4.08
113.67959000,34.58702203,150.57,267.22,4.06
113.67958979,34.58701843,150.57,267.26,4.00
113.67958958,34.58701485,150.57,267.31,3.92
113.67958938,34.58701135,150.57,267.36,3.92
113.67958919,34.58700788,150.58,267.39,3.83
113.67958899,34.58700445,150.58,267.44,3.78
113.67958879,34.58700109,150.58,267.49,3.75
113.67958871,34.58699941,150.59,267.51,3.69
113.67958843,34.58699442,150.59,267.56,3.67
113.67958826,34.58699110,150.59,267.61,3.64
113.67958808,34.58698782,150.59,267.67,3.61
113.67958792,34.58698454,150.60,267.71,3.61
113.67958776,34.58698130,150.60,267.76,3.56
113.67958761,34.58697808,150.60,267.79,3.56
113.67958746,34.58697490,150.61,267.85,3.50
113.67958731,34.58697173,150.61,267.90,3.50
113.67958716,34.58696859,150.61,267.94,3.47
113.67958702,34.58696547,150.62,267.97,3.42
113.67958688,34.58696240,150.62,268.02,3.39
113.67958663,34.58695636,150.62,268.08,3.31
113.67958652,34.58695342,150.62,268.12,3.25
113.67958642,34.58695052,150.63,268.14,3.19
113.67958631,34.58694767,150.63,268.18,3.14
113.67958620,34.58694488,150.63,268.22,3.06
113.67958609,34.58694214,150.63,268.24,3.03
113.67958597,34.58693947,150.63,268.29,2.92
113.67958587,34.58693684,150.63,268.31,2.86
113.67958578,34.58693428,150.64,268.34,2.83
113.67958568,34.58693178,150.64,268.37,2.72
113.67958560,34.58692933,150.65,268.39,2.67
113.67958552,34.58692693,150.65,268.43,2.64
113.67958544,34.58692459,150.65,268.47,2.58
113.67958536,34.58692230,150.65,268.49,2.53
113.67958528,34.58692004,150.65,268.51,2.50
113.67958521,34.58691784,150.65,268.56,2.42
113.67958512,34.58691568,150.65,268.59,2.39
113.67958505,34.58691356,150.65,268.60,2.33
113.67958499,34.58691148,150.65,268.63,2.28
113.67958492,34.58690944,150.65,268.68,2.25
113.67958486,34.58690744,150.65,268.70,2.22
113.67958481,34.58690549,150.65,268.68,2.14
113.67958476,34.58690358,150.65,268.73,2.08
113.67958471,34.58690172,150.65,268.78,2.06
113.67958466,34.58689989,150.65,268.78,2.00
113.67958461,34.58689810,150.65,268.81,1.94
113.67958456,34.58689636,150.65,268.83,1.94
113.67958452,34.58689465,150.65,268.86,1.89
113.67958448,34.58689296,150.65,268.88,1.83
113.67958439,34.58688970,150.65,268.92,1.78
113.67958435,34.58688812,150.66,268.95,1.75
113.67958431,34.58688656,150.65,268.96,1.72
113.67958427,34.58688503,150.65,268.99,1.67
113.67958424,34.58688353,150.65,269.01,1.64
113.67958421,34.58688206,150.66,269.01,1.61
113.67958418,34.58688063,150.66,269.04,1.58
113.67958416,34.58687922,150.66,269.06,1.56
113.67958414,34.58687782,150.66,269.08,1.53
113.67958411,34.58687648,150.66,269.09,1.50
113.67958408,34.58687513,150.66,269.10,1.47
113.67958405,34.58687383,150.66,269.12,1.44
113.67958402,34.58687253,150.66,269.14,1.42
113.67958401,34.58687127,150.66,269.16,1.39
113.67958399,34.58687002,150.66,269.18,1.36
113.67958396,34.58686878,150.66,269.18,1.33
113.67958393,34.58686760,150.66,269.21,1.31
113.67958390,34.58686646,150.66,269.23,1.25
113.67958389,34.58686535,150.66,269.25,1.19
113.67958388,34.58686431,150.66,269.26,1.14
113.67958385,34.58686245,150.66,269.29,0.97
113.67958383,34.58686093,150.66,269.31,0.81
113.67958381,34.58685974,150.66,269.33,0.61
113.67958381,34.58685859,150.66,269.34,0.39
113.67958379,34.58685735,150.61,269.37,0.14
113.67958378,34.58685610,150.61,269.39,0.69
113.67958376,34.58685435,150.61,269.41,0.97
113.67958374,34.58685332,150.61,269.44,1.08
113.67958373,34.58685219,150.62,269.46,1.17
113.67958371,34.58685098,150.62,269.48,1.28
113.67958370,34.58684971,150.62,269.49,1.36
113.67958369,34.58684837,150.63,269.50,1.42
113.67958367,34.58684698,150.63,269.52,1.47
113.67958365,34.58684555,150.63,269.56,1.56
113.67958363,34.58684406,150.63,269.56,1.61
113.67958363,34.58684253,150.64,269.54,1.67
113.67958360,34.58683934,150.64,269.60,1.72
113.67958357,34.58683609,150.65,269.62,1.75
113.67958355,34.58683449,150.66,269.64,1.75
113.67958354,34.58683291,150.66,269.65,1.69
113.67958353,34.58683140,150.66,269.66,1.67
113.67958351,34.58682993,150.67,269.68,1.61
113.67958350,34.58682855,150.67,269.69,1.53
113.67958349,34.58682722,150.67,269.70,1.47
113.67958348,34.58682599,150.68,269.72,1.36
113.67958347,34.58682373,150.68,269.74,1.17
113.67958347,34.58682190,150.68,269.77,0.97
113.67958346,34.58682046,150.69,269.76,0.78
113.67958345,34.58681912,150.69,269.78,0.42
113.67958342,34.58681763,150.70,269.80,0.44
113.67958341,34.58681615,150.70,269.84,0.81
113.67958339,34.58681419,150.71,269.85,1.08
113.67958339,34.58681305,150.71,269.87,1.19
113.67958338,34.58681183,150.71,269.90,1.28
113.67958338,34.58681052,150.71,269.90,1.39
113.67958337,34.58680915,150.72,269.92,1.47
113.67958336,34.58680771,150.72,269.95,1.53
113.67958336,34.58680619,150.72,269.95,1.64
113.67958335,34.58680459,150.73,269.97,1.72
113.67958335,34.58680292,150.73,270.00,1.81
113.67958336,34.58680117,150.73,270.01,1.89
113.67958336,34.58679933,150.74,270.01,1.97
113.67958336,34.58679742,150.74,270.04,2.08
113.67958336,34.58679542,150.74,270.06,2.17
113.67958334,34.58679116,150.75,270.10,2.36
113.67958335,34.58678892,150.75,270.12,2.44
113.67958336,34.58678657,150.76,270.14,2.58
113.67958337,34.58678415,150.76,270.16,2.64
113.67958338,34.58678164,150.76,270.18,2.72
113.67958340,34.58677906,150.76,270.19,2.83
113.67958341,34.58677639,150.76,270.21,2.92
113.67958342,34.58677365,150.77,270.24,3.00
113.67958342,34.58677082,150.77,270.26,3.14
113.67958343,34.58676790,150.77,270.25,3.19
113.67958346,34.58676491,150.77,270.27,3.31
113.67958351,34.58675867,150.78,270.28,3.47
113.67958353,34.58675544,150.78,270.29,3.56
113.67958354,34.58675213,150.79,270.31,3.64
113.67958356,34.58674876,150.79,270.31,3.67
113.67958358,34.58674534,150.79,270.33,3.75
113.67958361,34.58674190,150.80,270.33,3.81
113.67958364,34.58673842,150.80,270.32,3.81
113.67958365,34.58673492,150.80,270.35,3.83
113.67958368,34.58673143,150.81,270.36,3.83
113.67958370,34.58672795,150.81,270.38,3.83
113.67958373,34.58672446,150.81,270.39,3.83
113.67958377,34.58672100,150.81,270.41,3.81
113.67958380,34.58671755,150.81,270.44,3.78
113.67958384,34.58671415,150.82,270.49,3.75
113.67958386,34.58671074,150.82,270.54,3.75
113.67958389,34.58670741,150.82,270.65,3.72
113.67958394,34.58670407,150.83,270.81,3.67
113.67958400,34.58670077,150.83,271.00,3.64
113.67958408,34.58669754,150.83,271.22,3.58
113.67958417,34.58669435,150.83,271.49,3.53
113.67958428,34.58669118,150.84,271.83,3.44
113.67958440,34.58668809,150.84,272.27,3.39
113.67958453,34.58668505,150.84,272.73,3.36
113.67958488,34.58667918,150.85,274.02,3.22
113.67958513,34.58667637,150.85,274.82,3.19
113.67958542,34.58667357,150.85,275.71,3.14
113.67958574,34.58667080,150.85,276.75,3.14
113.67958615,34.58666807,150.85,277.83,3.14
113.67958662,34.58666535,150.84,279.04,3.14
113.67958713,34.58666263,150.85,280.38,3.14
113.67958772,34.58665994,150.85,281.76,3.11
113.67958839,34.58665722,150.85,283.19,3.14
113.67958915,34.58665454,150.85,284.69,3.14
113.67959002,34.58665184,150.85,286.19,3.17
113.67959098,34.58664917,150.85,287.73,3.19
113.67959202,34.58664649,150.85,289.32,3.19
113.67959315,34.58664381,150.85,290.95,3.22
113.67959437,34.58664117,150.85,292.55,3.22
113.67959567,34.58663854,150.85,294.16,3.22
113.67959709,34.58663591,150.85,295.79,3.22
113.67959861,34.58663334,150.85,297.43,3.28
113.67960024,34.58663077,150.85,299.06,3.28
113.67960194,34.58662825,150.85,300.70,3.31
113.67960557,34.58662333,150.85,303.98,3.28
113.67960751,34.58662094,150.85,305.60,3.25
113.67960953,34.58661862,150.85,307.22,3.25
113.67961160,34.58661637,150.86,308.82,3.22
113.67961373,34.58661418,150.86,310.43,3.22
113.67961594,34.58661203,150.86,312.02,3.22
113.67961819,34.58660996,150.85,313.61,3.19
113.67962052,34.58660794,150.86,315.21,3.19
113.67962289,34.58660600,150.86,316.76,3.19
113.67962533,34.58660410,150.86,318.33,3.17
113.67962779,34.58660227,150.86,319.92,3.17
113.67963035,34.58660047,150.86,321.49,3.17
113.67963562,34.58659706,150.86,324.62,3.17
113.67963832,34.58659546,150.87,326.18,3.17
113.67964112,34.58659393,150.87,327.71,3.17
113.67964396,34.58659247,150.87,329.25,3.17
113.67964685,34.58659104,150.87,330.79,3.17
113.67964976,34.58658969,150.87,332.28,3.17
113.67965272,34.58658838,150.88,333.78,3.14
113.67965570,34.58658715,150.88,335.26,3.14
113.67965871,34.58658600,150.88,336.68,3.11
113.67966175,34.58658494,150.88,338.05,3.08
113.67966476,34.58658394,150.89,339.41,3.08
113.67966779,34.58658299,150.89,340.69,3.06
113.67967083,34.58658211,150.89,341.91,3.03
113.67967688,34.58658055,150.89,344.28,2.92
113.67967990,34.58657989,150.89,345.34,2.89
113.67968286,34.58657925,150.89,346.40,2.89
113.67968583,34.58657867,150.89,347.51,2.83
113.67968879,34.58657813,150.89,348.59,2.83
113.67969177,34.58657763,150.89,349.63,2.86
113.67969477,34.58657720,150.89,350.72,2.86
113.67969779,34.58657681,150.88,351.80,2.86
113.67970385,34.58657617,150.88,353.93,2.86
113.67970996,34.58657569,150.88,356.11,2.86
113.67971301,34.58657552,150.89,357.22,2.86
113.67971913,34.58657533,150.89,359.50,2.86
113.67972218,34.58657531,150.90,0.65,2.86
113.67972524,34.58657535,150.90,1.84,2.86
113.67972829,34.58657543,150.90,3.07,2.86
113.67973132,34.58657556,150.90,4.30,2.86
113.67973437,34.58657576,150.90,5.56,2.86
113.67973739,34.58657601,150.90,6.88,2.86
113.67974042,34.58657630,150.90,8.23,2.86
113.67974343,34.58657667,150.91,9.61,2.86
113.67974643,34.58657709,150.91,11.06,2.86
113.67974940,34.58657757,150.91,12.56,2.86
113.67975235,34.58657811,150.91,14.08,2.86
113.67975526,34.58657871,150.91,15.61,2.83
113.67975813,34.58657937,150.91,17.15,2.81
113.67976094,34.58658010,150.92,18.73,2.78
113.67976370,34.58658087,150.92,20.33,2.78
113.67976643,34.58658171,150.92,21.97,2.78
113.67976912,34.58658261,150.91,23.67,2.78
113.67977181,34.58658359,150.92,25.37,2.81
113.67977447,34.58658463,150.91,27.10,2.81
113.67977713,34.58658575,150.92,28.86,2.86
113.67977977,34.58658695,150.92,30.63,2.86
113.67978238,34.58658823,150.92,32.41,2.89
113.67978498,34.58658958,150.92,34.23,2.92
113.67978756,34.58659102,150.92,36.07,2.94
113.67979007,34.58659254,150.92,37.89,2.97
113.67979255,34.58659415,150.92,39.75,3.03
113.67979497,34.58659584,150.92,41.64,3.06
113.67979737,34.58659761,150.92,43.54,3.06
113.67979970,34.58659944,150.92,45.41,3.06
113.67980197,34.58660134,150.93,47.25,3.06
113.67980417,34.58660328,150.94,49.03,3.06
113.67980625,34.58660526,150.94,50.81,3.06
113.67980823,34.58660729,150.94,52.57,3.03
113.67981013,34.58660936,150.94,54.31,3.00
113.67981192,34.58661144,150.94,56.01,2.94
113.67981364,34.58661356,150.94,57.63,2.94
113.67981525,34.58661567,150.94,59.21,2.92
113.67981680,34.58661781,150.94,60.76,2.86
113.67981825,34.58661994,150.94,62.27,2.81
113.67981961,34.58662208,150.94,63.72,2.78
113.67982089,34.58662421,150.94,65.16,2.72
113.67982206,34.58662630,150.94,66.58,2.67
113.67982315,34.58662837,150.94,67.94,2.58
113.67982416,34.58663042,150.95,69.29,2.53
113.67982508,34.58663242,150.95,70.60,2.44
113.67982593,34.58663441,150.95,71.88,2.42
113.67982670,34.58663634,150.95,73.16,2.36
113.67982741,34.58663826,150.95,74.38,2.31
113.67982804,34.58664014,150.95,75.56,2.25
113.67982862,34.58664200,150.95,76.74,2.19
113.67982915,34.58664383,150.95,77.91,2.17
113.67982960,34.58664561,150.95,79.03,2.11
113.67983001,34.58664737,150.95,80.13,2.08
113.67983040,34.58664911,150.95,81.23,2.03
113.67983071,34.58665081,150.95,82.26,1.97
113.67983099,34.58665250,150.95,83.25,1.94
113.67983123,34.58665415,150.95,84.27,1.94
113.67983145,34.58665579,150.95,85.27,1.89
113.67983161,34.58665739,150.95,86.23,1.83
113.67983175,34.58665897,150.95,87.20,1.81
113.67983186,34.58666052,150.95,88.17,1.81
113.67983192,34.58666205,150.95,89.13,1.78
113.67983194,34.58666355,150.95,90.08,1.75
113.67983195,34.58666504,150.95,91.05,1.75
113.67983192,34.58666652,150.95,92.05,1.69
113.67983186,34.58666799,150.95,93.00,1.69
113.67983177,34.58666944,150.95,93.95,1.67
113.67983166,34.58667089,150.95,94.90,1.67
113.67983152,34.58667232,150.95,95.84,1.67
113.67983136,34.58667375,150.95,96.77,1.67
113.67983117,34.58667516,150.95,97.72,1.64
113.67983094,34.58667656,150.95,98.65,1.64
113.67983069,34.58667793,150.95,99.54,1.61
113.67983042,34.58667928,150.95,100.43,1.58
113.67983013,34.58668061,150.95,101.31,1.56
113.67982948,34.58668321,150.94,103.16,1.53
113.67982913,34.58668448,150.94,104.09,1.53
113.67982876,34.58668574,150.94,105.02,1.47
113.67982837,34.58668696,150.94,105.96,1.47
113.67982796,34.58668816,150.94,106.94,1.47
113.67982754,34.58668935,150.94,107.95,1.44
113.67982710,34.58669053,150.94,108.96,1.44
113.67982664,34.58669167,150.94,110.03,1.42
113.67982616,34.58669280,150.94,111.14,1.42
113.67982565,34.58669390,150.94,112.25,1.39
113.67982512,34.58669500,150.93,113.33,1.39
113.67982459,34.58669606,150.93,114.43,1.39
113.67982403,34.58669712,150.93,115.54,1.39
113.67982345,34.58669814,150.93,116.62,1.36
113.67982223,34.58670014,150.93,118.75,1.33
113.67982095,34.58670206,150.93,120.81,1.31
113.67981962,34.58670390,150.92,122.84,1.28
113.67981824,34.58670569,150.92,124.75,1.25
113.67981683,34.58670741,150.92,126.71,1.22
113.67981537,34.58670906,150.91,128.56,1.19
113.67981389,34.58671060,150.91,130.38,1.14
113.67981245,34.58671201,150.91,132.03,1.06
113.67981114,34.58671324,150.90,133.51,0.94
113.67981000,34.58671426,150.90,134.74,0.78
113.67980866,34.58671541,150.90,136.14,0.56
113.67980762,34.58671622,150.89,137.19,0.19
