113.67989011,34.58676519,150.85,178.27,0.00
113.67989121,34.58676504,150.85,178.30,0.14
113.67989012,34.58676507,150.85,178.35,0.31
113.67988907,34.58676510,150.84,178.37,0.44
113.67988783,34.58676512,150.85,178.40,0.53
113.67988642,34.58676514,150.85,178.44,0.61
113.67988481,34.58676517,150.84,178.47,0.72
113.67988302,34.58676521,150.84,178.51,0.78
113.67988111,34.58676532,150.84,178.55,0.86
113.67988010,34.58676534,150.84,178.57,0.86
113.67987905,34.58676536,150.84,178.60,0.92
113.67987797,34.58676538,150.84,178.62,0.94
113.67987686,34.58676540,150.84,178.65,0.97
113.67987571,34.58676542,150.84,178.67,1.00
113.67987455,34.58676545,150.84,178.70,1.00
113.67987337,34.58676547,150.84,178.72,1.06
113.67987215,34.58676549,150.84,178.74,1.06
113.67987091,34.58676552,150.84,178.77,1.11
113.67986965,34.58676555,150.83,178.82,1.14
113.67986706,34.58676559,150.83,178.87,1.14
113.67986574,34.58676560,150.83,178.90,1.17
113.67986441,34.58676562,150.83,178.93,1.17
113.67986308,34.58676564,150.83,178.96,1.17
113.67986173,34.58676567,150.83,178.99,1.19
113.67986037,34.58676569,150.83,179.03,1.19
113.67985899,34.58676571,150.83,179.05,1.19
113.67985763,34.58676572,150.83,179.08,1.19
113.67985625,34.58676575,150.83,179.12,1.22
113.67985487,34.58676577,150.83,179.14,1.25
113.67985347,34.58676579,150.83,179.16,1.25
113.67985207,34.58676582,150.83,179.19,1.25
113.67985067,34.58676584,150.83,179.24,1.25
113.67984785,34.58676587,150.83,179.29,1.28
113.67984498,34.58676592,150.82,179.37,1.28
113.67984354,34.58676595,150.82,179.39,1.28
113.67983774,34.58676602,150.82,179.51,1.31
113.67983628,34.58676603,150.82,179.57,1.33
113.67983481,34.58676604,150.82,179.60,1.33
113.67983333,34.58676606,150.81,179.62,1.33
113.67983185,34.58676608,150.81,179.67,1.33
113.67983035,34.58676608,150.81,179.70,1.33
113.67982885,34.58676606,150.82,179.71,1.33
113.67982584,34.58676606,150.82,179.80,1.33
113.67982433,34.58676607,150.82,179.81,1.33
113.67982282,34.58676608,150.82,179.86,1.33
113.67982131,34.58676609,150.82,179.90,1.33
113.67981980,34.58676610,150.82,179.92,1.33
113.67981828,34.58676611,150.82,179.97,1.33
113.67981676,34.58676612,150.82,180.01,1.33
113.67981523,34.58676613,150.82,180.02,1.33
113.67981369,34.58676613,150.82,180.06,1.36
113.67981217,34.58676614,150.82,180.12,1.36
113.67981063,34.58676614,150.82,180.14,1.39
113.67980754,34.58676615,150.82,180.20,1.39
113.67980600,34.58676616,150.82,180.23,1.39
113.67980445,34.58676616,150.82,180.27,1.39
113.67980290,34.58676617,150.82,180.31,1.39
113.67980135,34.58676617,150.82,180.32,1.39
113.67979979,34.58676616,150.82,180.37,1.39
113.67979826,34.58676613,150.82,180.41,1.39
113.67979672,34.58676609,150.82,180.44,1.42
113.67979516,34.58676610,150.82,180.47,1.42
113.67979359,34.58676610,150.82,180.52,1.42
113.67979201,34.58676610,150.82,180.55,1.42
113.67979043,34.58676609,150.82,180.58,1.42
113.67978884,34.58676608,150.82,180.63,1.42
113.67978724,34.58676608,150.81,180.68,1.42
113.67978564,34.58676609,150.81,180.71,1.42
113.67978403,34.58676608,150.81,180.74,1.44
113.67978242,34.58676607,150.81,180.79,1.44
113.67978078,34.58676602,150.81,180.83,1.44
113.67977752,34.58676596,150.81,180.87,1.47
113.67977590,34.58676595,150.80,180.91,1.47
113.67977428,34.58676593,150.80,180.94,1.47
113.67977266,34.58676592,150.80,180.97,1.47
113.67977103,34.58676590,150.80,181.01,1.47
113.67976940,34.58676589,150.80,181.05,1.47
113.67976777,34.58676588,150.80,181.08,1.47
113.67976615,34.58676584,150.80,181.10,1.47
113.67976451,34.58676581,150.80,181.14,1.47
113.67976287,34.58676578,150.80,181.18,1.47
113.67975955,34.58676574,150.79,181.24,1.47
113.67975789,34.58676574,150.79,181.26,1.47
113.67975622,34.58676572,150.79,181.29,1.50
113.67975456,34.58676570,150.79,181.31,1.50
113.67975288,34.58676567,150.79,181.33,1.50
113.67975121,34.58676565,150.79,181.36,1.50
113.67974952,34.58676558,150.79,181.38,1.50
113.67974782,34.58676552,150.78,181.38,1.50
113.67974614,34.58676549,150.78,181.37,1.50
113.67974274,34.58676544,150.78,181.39,1.53
113.67974104,34.58676542,150.78,181.38,1.53
113.67973933,34.58676540,150.78,181.38,1.53
113.67973762,34.58676537,150.77,181.38,1.53
113.67973591,34.58676535,150.77,181.38,1.53
113.67973419,34.58676532,150.77,181.36,1.56
113.67973246,34.58676524,150.77,181.36,1.56
113.67973074,34.58676518,150.77,181.37,1.56
113.67972564,34.58676512,150.77,181.36,1.53
113.67972394,34.58676510,150.77,181.37,1.53
113.67972225,34.58676507,150.77,181.37,1.53
113.67972054,34.58676505,150.76,181.36,1.53
113.67971885,34.58676502,150.76,181.36,1.53
113.67971715,34.58676501,150.76,181.37,1.53
113.67971539,34.58676497,150.76,181.37,1.53
113.67971365,34.58676493,150.77,181.36,1.53
113.67971027,34.58676488,150.76,181.34,1.53
113.67970859,34.58676486,150.76,181.34,1.53
113.67970691,34.58676485,150.76,181.34,1.53
113.67970522,34.58676484,150.76,181.33,1.53
113.67970185,34.58676480,150.76,181.33,1.53
113.67970017,34.58676479,150.76,181.32,1.53
113.67969846,34.58676471,150.76,181.30,1.53
113.67969675,34.58676463,150.77,181.29,1.50
113.67969508,34.58676461,150.77,181.27,1.50
113.67969342,34.58676459,150.77,181.24,1.50
113.67969177,34.58676458,150.77,181.24,1.47
113.67969012,34.58676457,150.77,181.23,1.47
113.67968847,34.58676456,150.77,181.20,1.47
113.67968683,34.58676455,150.77,181.17,1.47
113.67968519,34.58676454,150.77,181.15,1.47
113.67968355,34.58676452,150.77,181.13,1.47
113.67968191,34.58676443,150.78,181.12,1.47
113.67968028,34.58676435,150.78,181.08,1.47
113.67967863,34.58676435,150.78,181.04,1.47
113.67967532,34.58676433,150.78,180.98,1.47
113.67967367,34.58676431,150.78,180.95,1.47
113.67967201,34.58676430,150.78,180.92,1.47
113.67967037,34.58676430,150.78,180.88,1.47
113.67966872,34.58676430,150.78,180.85,1.47
113.67966707,34.58676430,150.78,180.83,1.47
113.67966539,34.58676421,150.78,180.78,1.47
113.67966372,34.58676413,150.77,180.75,1.47
113.67966209,34.58676412,150.77,180.71,1.47
113.67966047,34.58676412,150.77,180.67,1.47
113.67965886,34.58676413,150.77,180.62,1.47
113.67965726,34.58676413,150.77,180.58,1.47
113.67965566,34.58676413,150.77,180.52,1.47
113.67965405,34.58676413,150.77,180.45,1.47
113.67965245,34.58676413,150.77,180.41,1.47
113.67965085,34.58676414,150.77,180.37,1.47
113.67964920,34.58676404,150.77,180.28,1.47
113.67964756,34.58676395,150.77,180.22,1.47
113.67964435,34.58676396,150.76,180.11,1.47
113.67964275,34.58676398,150.77,180.04,1.44
113.67964116,34.58676400,150.77,179.99,1.44
113.67963958,34.58676401,150.77,179.94,1.44
113.67963800,34.58676402,150.77,179.86,1.44
113.67963643,34.58676404,150.76,179.80,1.42
113.67963486,34.58676406,150.77,179.74,1.42
113.67963330,34.58676409,150.77,179.69,1.42
113.67963172,34.58676405,150.77,179.63,1.42
113.67963015,34.58676402,150.77,179.57,1.42
113.67962707,34.58676405,150.77,179.46,1.39
113.67962553,34.58676407,150.77,179.40,1.39
113.67962248,34.58676413,150.77,179.29,1.39
113.67962096,34.58676416,150.77,179.24,1.39
113.67961944,34.58676420,150.77,179.20,1.39
113.67961794,34.58676417,150.77,179.17,1.36
113.67961644,34.58676412,150.77,179.13,1.36
113.67961346,34.58676418,150.77,179.07,1.36
113.67961198,34.58676421,150.77,179.05,1.36
113.67961049,34.58676424,150.76,179.02,1.33
113.67960902,34.58676427,150.76,178.99,1.33
113.67960755,34.58676431,150.76,178.97,1.33
113.67960608,34.58676434,150.76,178.95,1.33
113.67960461,34.58676438,150.76,178.92,1.33
113.67960312,34.58676435,150.76,178.89,1.33
113.67960164,34.58676433,150.76,178.87,1.33
113.67959582,34.58676448,150.75,178.81,1.33
113.67959293,34.58676455,150.75,178.78,1.33
113.67959149,34.58676459,150.75,178.76,1.33
113.67959005,34.58676463,150.75,178.74,1.33
113.67958863,34.58676463,150.75,178.74,1.33
113.67958721,34.58676464,150.75,178.72,1.31
113.67958578,34.58676467,150.75,178.72,1.31
113.67958435,34.58676471,150.75,178.69,1.31
113.67958292,34.58676475,150.75,178.68,1.31
113.67958149,34.58676478,150.75,178.68,1.31
113.67958006,34.58676482,150.75,178.67,1.31
113.67957863,34.58676485,150.75,178.66,1.31
113.67957719,34.58676489,150.75,178.64,1.31
113.67957574,34.58676493,150.75,178.60,1.31
113.67957429,34.58676492,150.75,178.58,1.31
113.67957283,34.58676491,150.74,178.56,1.31
113.67957139,34.58676493,150.74,178.52,1.31
113.67956853,34.58676501,150.74,178.46,1.31
113.67956710,34.58676505,150.74,178.42,1.31
113.67956567,34.58676510,150.74,178.39,1.31
113.67956424,34.58676514,150.74,178.37,1.31
113.67956282,34.58676518,150.74,178.35,1.31
113.67956139,34.58676521,150.74,178.31,1.31
113.67955996,34.58676522,150.74,178.28,1.28
113.67955852,34.58676524,150.74,178.27,1.28
113.67955710,34.58676528,150.73,178.26,1.28
113.67955424,34.58676537,150.73,178.23,1.28
113.67955280,34.58676541,150.73,178.23,1.28
113.67955136,34.58676546,150.73,178.21,1.28
113.67954992,34.58676550,150.73,178.19,1.28
113.67954847,34.58676554,150.72,178.21,1.31
113.67954702,34.58676558,150.72,178.20,1.31
113.67954557,34.58676560,150.72,178.18,1.31
113.67954413,34.58676563,150.72,178.19,1.31
113.67954124,34.58676571,150.72,178.18,1.31
113.67953981,34.58676575,150.72,178.18,1.31
113.67953837,34.58676580,150.72,178.20,1.31
113.67953692,34.58676584,150.72,178.19,1.31
113.67953549,34.58676587,150.72,178.17,1.31
113.67953406,34.58676592,150.72,178.18,1.31
113.67953263,34.58676596,150.72,178.17,1.31
113.67953118,34.58676597,150.72,178.16,1.31
113.67952973,34.58676599,150.72,178.17,1.31
113.67952829,34.58676602,150.72,178.17,1.31
113.67952684,34.58676607,150.71,178.15,1.31
113.67952394,34.58676616,150.71,178.16,1.31
113.67952249,34.58676620,150.71,178.16,1.31
113.67952104,34.58676624,150.71,178.16,1.31
113.67951959,34.58676628,150.71,178.15,1.31
113.67951815,34.58676632,150.71,178.14,1.31
113.67951669,34.58676635,150.72,178.13,1.31
113.67951524,34.58676639,150.72,178.14,1.31
113.67951235,34.58676646,150.72,178.13,1.31
113.67951090,34.58676650,150.72,178.12,1.31
113.67950946,34.58676654,150.72,178.12,1.31
113.67950803,34.58676658,150.72,178.12,1.31
113.67950659,34.58676661,150.72,178.13,1.31
113.67950516,34.58676665,150.72,178.12,1.31
113.67950372,34.58676668,150.72,178.11,1.31
113.67950233,34.58676671,150.72,178.11,1.31
113.67950094,34.58676676,150.71,178.12,1.31
113.67949664,34.58676690,150.71,178.12,1.31
113.67949519,34.58676694,150.71,178.11,1.31
113.67949374,34.58676697,150.71,178.12,1.31
113.67949229,34.58676700,150.71,178.12,1.31
113.67949084,34.58676704,150.71,178.12,1.31
113.67948794,34.58676714,150.71,178.14,1.31
113.67948650,34.58676718,150.72,178.14,1.31
113.67948504,34.58676722,150.72,178.15,1.31
113.67948214,34.58676730,150.71,178.18,1.31
113.67948069,34.58676734,150.71,178.20,1.31
113.67947925,34.58676737,150.72,178.21,1.31
113.67947780,34.58676740,150.72,178.21,1.31
113.67947636,34.58676743,150.72,178.23,1.31
113.67947490,34.58676746,150.71,178.26,1.31
113.67947344,34.58676750,150.71,178.27,1.31
113.67947198,34.58676755,150.71,178.29,1.31
113.67946906,34.58676765,150.71,178.33,1.31
113.67946760,34.58676768,150.71,178.34,1.31
113.67946613,34.58676770,150.71,178.36,1.31
113.67946466,34.58676773,150.71,178.39,1.33
113.67946320,34.58676776,150.71,178.39,1.33
113.67946173,34.58676779,150.71,178.41,1.33
113.67946027,34.58676781,150.71,178.45,1.33
113.67945880,34.58676785,150.71,178.47,1.33
113.67945734,34.58676789,150.71,178.45,1.33
113.67945299,34.58676799,150.71,178.52,1.33
113.67945155,34.58676802,150.70,178.54,1.33
113.67945012,34.58676806,150.70,178.58,1.33
113.67944868,34.58676809,150.70,178.58,1.33
113.67944722,34.58676812,150.70,178.59,1.33
113.67944576,34.58676814,150.70,178.62,1.33
113.67944428,34.58676817,150.70,178.64,1.33
113.67944275,34.58676821,150.70,178.65,1.33
113.67944121,34.58676826,150.71,178.67,1.33
113.67943819,34.58676831,150.71,178.69,1.33
113.67943667,34.58676833,150.71,178.72,1.36
113.67943513,34.58676835,150.71,178.73,1.36
113.67943358,34.58676837,150.71,178.73,1.39
113.67943202,34.58676840,150.71,178.75,1.39
113.67943045,34.58676842,150.71,178.78,1.42
113.67942891,34.58676844,150.70,178.78,1.42
113.67942736,34.58676846,150.70,178.79,1.42
113.67942578,34.58676848,150.70,178.82,1.42
113.67942260,34.58676853,150.70,178.85,1.44
113.67942101,34.58676856,150.70,178.88,1.44
113.67941940,34.58676858,150.69,178.90,1.44
113.67941777,34.58676860,150.69,178.90,1.47
113.67941614,34.58676863,150.69,178.91,1.47
113.67941449,34.58676866,150.69,178.93,1.47
113.67941285,34.58676871,150.69,178.95,1.47
113.67941120,34.58676876,150.69,178.94,1.47
113.67940953,34.58676878,150.69,178.96,1.50
113.67940617,34.58676882,150.69,179.00,1.53
113.67940446,34.58676884,150.69,179.00,1.53
113.67940275,34.58676885,150.69,179.02,1.53
113.67940100,34.58676886,150.69,179.05,1.53
113.67939925,34.58676887,150.69,179.04,1.56
113.67939751,34.58676888,150.69,179.07,1.56
113.67939563,34.58676886,150.69,179.11,1.56
113.67939377,34.58676886,150.69,179.11,1.56
113.67939016,34.58676889,150.70,179.14,1.61
113.67938833,34.58676890,150.69,179.16,1.61
113.67938651,34.58676891,150.69,179.15,1.61
113.67938469,34.58676894,150.70,179.17,1.61
113.67938286,34.58676896,150.70,179.20,1.64
113.67938102,34.58676897,150.70,179.21,1.64
113.67937919,34.58676898,150.70,179.21,1.64
113.67937731,34.58676902,150.72,179.25,1.64
113.67937545,34.58676905,150.73,179.26,1.64
113.67937172,34.58676909,150.73,179.29,1.67
113.67936798,34.58676911,150.74,179.31,1.67
113.67936611,34.58676913,150.74,179.34,1.67
113.67936422,34.58676916,150.74,179.34,1.69
113.67936233,34.58676917,150.74,179.34,1.69
113.67936044,34.58676917,150.74,179.37,1.69
113.67935856,34.58676919,150.74,179.39,1.69
113.67935479,34.58676923,150.75,179.41,1.69
113.67935291,34.58676925,150.75,179.42,1.69
113.67934912,34.58676927,150.75,179.45,1.69
113.67934722,34.58676928,150.75,179.46,1.69
113.67934531,34.58676930,150.75,179.46,1.69
113.67934340,34.58676932,150.75,179.48,1.69
113.67934147,34.58676933,150.75,179.48,1.72
113.67933959,34.58676934,150.75,179.48,1.72
113.67933576,34.58676937,150.75,179.54,1.72
113.67933383,34.58676938,150.75,179.53,1.75
113.67933190,34.58676939,150.75,179.54,1.75
113.67932997,34.58676940,150.75,179.58,1.75
113.67932804,34.58676940,150.75,179.58,1.75
113.67932609,34.58676941,150.75,179.58,1.75
113.67932414,34.58676942,150.75,179.61,1.75
113.67932218,34.58676943,150.75,179.63,1.75
113.67932022,34.58676945,150.75,179.61,1.78
113.67931826,34.58676947,150.75,179.64,1.78
113.67931629,34.58676948,150.75,179.66,1.78
113.67931431,34.58676949,150.75,179.65,1.78
113.67931035,34.58676950,150.75,179.68,1.78
113.67930836,34.58676951,150.75,179.70,1.81
113.67930637,34.58676951,150.75,179.70,1.81
113.67930438,34.58676952,150.75,179.71,1.81
113.67930239,34.58676952,150.75,179.72,1.81
113.67930040,34.58676953,150.75,179.71,1.81
113.67929840,34.58676954,150.75,179.70,1.81
113.67929640,34.58676954,150.74,179.69,1.83
113.67929438,34.58676955,150.74,179.70,1.83
113.67929236,34.58676956,150.74,179.70,1.83
113.67929034,34.58676957,150.74,179.69,1.83
113.67928832,34.58676958,150.74,179.70,1.83
113.67928629,34.58676958,150.74,179.72,1.83
113.67928425,34.58676958,150.74,179.70,1.83
113.67928220,34.58676959,150.74,179.69,1.83
113.67928014,34.58676960,150.74,179.70,1.83
113.67927808,34.58676961,150.74,179.71,1.83
113.67927602,34.58676961,150.75,179.67,1.83
113.67927397,34.58676962,150.75,179.65,1.83
113.67926985,34.58676962,150.75,179.65,1.86
113.67926780,34.58676963,150.75,179.63,1.86
113.67926575,34.58676964,150.75,179.64,1.86
113.67926369,34.58676965,150.74,179.65,1.86
113.67926164,34.58676965,150.74,179.64,1.86
113.67925959,34.58676964,150.74,179.62,1.86
113.67925752,34.58676966,150.74,179.61,1.86
113.67925545,34.58676969,150.73,179.60,1.86
113.67925133,34.58676971,150.73,179.55,1.86
113.67924928,34.58676971,150.73,179.55,1.86
113.67924724,34.58676973,150.73,179.55,1.86
113.67924520,34.58676974,150.73,179.52,1.86
113.67924316,34.58676975,150.73,179.49,1.86
113.67924113,34.58676976,150.72,179.49,1.86
113.67923909,34.58676979,150.73,179.48,1.83
113.67923110,34.58676984,150.73,179.34,1.81
113.67922719,34.58676988,150.73,179.30,1.81
113.67922525,34.58676989,150.73,179.22,1.78
113.67922331,34.58676991,150.73,179.15,1.78
113.67922138,34.58676993,150.73,179.11,1.75
113.67921945,34.58676994,150.73,179.05,1.75
113.67921752,34.58676996,150.73,178.96,1.75
113.67921560,34.58676999,150.73,178.88,1.75
113.67921180,34.58677004,150.73,178.76,1.72
113.67920991,34.58677007,150.73,178.67,1.72
113.67920802,34.58677011,150.73,178.60,1.69
113.67920613,34.58677015,150.73,178.54,1.69
113.67920425,34.58677019,150.73,178.47,1.69
113.67920237,34.58677022,150.73,178.37,1.69
113.67920044,34.58677026,150.73,178.28,1.69
113.67919853,34.58677032,150.73,178.21,1.69
113.67919666,34.58677037,150.73,178.13,1.69
113.67919478,34.58677042,150.73,178.05,1.69
113.67919292,34.58677047,150.73,177.96,1.69
113.67919105,34.58677052,150.73,177.89,1.69
113.67918919,34.58677058,150.73,177.82,1.69
113.67918733,34.58677065,150.73,177.73,1.69
113.67918547,34.58677071,150.73,177.63,1.69
113.67918171,34.58677084,150.73,177.47,1.69
113.67917981,34.58677091,150.73,177.39,1.69
113.67917605,34.58677107,150.73,177.22,1.69
113.67917418,34.58677114,150.73,177.13,1.69
113.67917230,34.58677121,150.73,177.05,1.69
113.67917043,34.58677128,150.73,176.98,1.69
113.67916856,34.58677135,150.73,176.90,1.69
113.67916669,34.58677144,150.73,176.81,1.69
113.67916483,34.58677153,150.73,176.74,1.69
113.67916297,34.58677162,150.73,176.65,1.69
113.67916111,34.58677171,150.73,176.57,1.67
113.67915742,34.58677187,150.73,176.38,1.67
113.67915558,34.58677196,150.73,176.31,1.67
113.67915373,34.58677206,150.73,176.24,1.67
113.67915189,34.58677216,150.73,176.15,1.67
113.67915005,34.58677227,150.73,176.07,1.67
113.67914820,34.58677238,150.73,176.00,1.67
113.67914634,34.58677248,150.73,175.91,1.67
113.67914447,34.58677259,150.72,175.82,1.69
113.67914075,34.58677282,150.72,175.70,1.67
113.67913705,34.58677306,150.72,175.58,1.67
113.67913521,34.58677318,150.72,175.54,1.67
113.67913337,34.58677329,150.72,175.49,1.67
113.67913153,34.58677340,150.72,175.44,1.67
113.67912970,34.58677353,150.72,175.43,1.67
113.67912602,34.58677379,150.71,175.32,1.67
113.67912418,34.58677393,150.70,175.28,1.67
113.67912234,34.58677405,150.70,175.26,1.67
113.67912048,34.58677418,150.70,175.20,1.67
113.67911862,34.58677430,150.70,175.16,1.67
113.67911676,34.58677444,150.70,175.13,1.67
113.67911489,34.58677457,150.70,175.09,1.67
113.67911302,34.58677471,150.69,175.04,1.67
113.67911114,34.58677485,150.69,174.99,1.67
113.67910927,34.58677498,150.69,174.95,1.69
113.67910743,34.58677510,150.69,174.91,1.69
113.67910558,34.58677523,150.70,174.87,1.69
113.67910186,34.58677550,150.69,174.80,1.69
113.67909814,34.58677578,150.69,174.74,1.69
113.67909628,34.58677592,150.69,174.69,1.69
113.67909443,34.58677606,150.69,174.67,1.69
113.67909257,34.58677620,150.69,174.65,1.67
113.67909071,34.58677634,150.69,174.60,1.67
113.67908885,34.58677647,150.69,174.57,1.67
113.67908699,34.58677660,150.69,174.55,1.69
113.67908325,34.58677689,150.69,174.50,1.69
113.67908138,34.58677703,150.70,174.46,1.69
113.67907766,34.58677732,150.70,174.44,1.69
113.67907580,34.58677746,150.70,174.43,1.69
113.67907395,34.58677761,150.69,174.43,1.67
113.67907210,34.58677775,150.70,174.44,1.67
113.67907026,34.58677789,150.70,174.46,1.67
113.67906844,34.58677802,150.71,174.48,1.67
113.67906662,34.58677816,150.71,174.50,1.64
113.67906483,34.58677829,150.71,174.54,1.64
113.67906305,34.58677843,150.71,174.58,1.61
113.67906128,34.58677857,150.71,174.64,1.61
113.67905952,34.58677872,150.71,174.71,1.61
113.67905777,34.58677885,150.71,174.77,1.58
113.67905602,34.58677898,150.71,174.86,1.58
113.67905428,34.58677910,150.71,174.97,1.58
113.67905254,34.58677921,150.71,175.06,1.58
113.67905084,34.58677934,150.71,175.15,1.56
113.67904914,34.58677946,150.71,175.28,1.56
113.67904744,34.58677958,150.71,175.45,1.56
113.67904404,34.58677979,150.71,175.80,1.53
113.67904235,34.58677989,150.71,176.01,1.53
113.67904067,34.58677999,150.71,176.27,1.53
113.67903900,34.58678007,150.71,176.55,1.53
113.67903733,34.58678015,150.71,176.86,1.53
113.67903571,34.58678020,150.71,177.19,1.53
113.67903410,34.58678025,150.71,177.53,1.53
113.67903079,34.58678037,150.71,178.28,1.50
113.67902914,34.58678041,150.71,178.64,1.50
113.67902749,34.58678043,150.71,179.00,1.50
113.67902584,34.58678045,150.71,179.38,1.50
113.67902419,34.58678047,150.71,179.81,1.50
113.67902255,34.58678048,150.71,180.24,1.50
113.67902091,34.58678047,150.72,180.68,1.50
113.67901932,34.58678043,150.72,181.18,1.47
113.67901774,34.58678039,150.72,181.71,1.47
113.67901616,34.58678034,150.72,182.24,1.47
113.67901137,34.58678013,150.72,184.00,1.47
113.67900980,34.58678004,150.72,184.63,1.47
113.67900823,34.58677994,150.72,185.28,1.47
113.67900666,34.58677982,150.72,185.95,1.47
113.67900509,34.58677968,150.72,186.62,1.47
113.67900355,34.58677953,150.72,187.27,1.47
113.67900200,34.58677936,150.71,187.94,1.47
113.67899887,34.58677899,150.71,189.27,1.47
113.67899730,34.58677878,150.71,189.91,1.47
113.67899573,34.58677855,150.71,190.61,1.47
113.67899417,34.58677830,150.71,191.30,1.47
113.67899261,34.58677803,150.71,191.95,1.47
113.67899104,34.58677776,150.71,192.62,1.47
113.67898947,34.58677748,150.71,193.32,1.47
113.67898794,34.58677717,150.71,193.99,1.47
113.67898640,34.58677685,150.70,194.66,1.47
113.67898484,34.58677651,150.70,195.36,1.47
113.67898170,34.58677578,150.70,196.76,1.53
113.67898012,34.58677539,150.70,197.52,1.53
113.67897854,34.58677497,150.70,198.26,1.53
113.67897696,34.58677453,150.70,199.00,1.53
113.67897537,34.58677408,150.70,199.78,1.56
113.67897377,34.58677361,150.70,200.55,1.56
113.67897221,34.58677309,150.70,201.34,1.56
113.67897065,34.58677256,150.70,202.17,1.58
113.67896592,34.58677088,150.70,204.82,1.61
113.67896436,34.58677027,150.70,205.72,1.61
113.67896280,34.58676965,150.70,206.62,1.61
113.67896124,34.58676900,150.70,207.54,1.64
113.67895968,34.58676833,150.70,208.50,1.64
113.67895814,34.58676763,150.70,209.48,1.67
113.67895665,34.58676688,150.70,210.43,1.67
113.67895517,34.58676612,150.70,211.41,1.67
113.67895366,34.58676536,150.70,212.42,1.67
113.67895217,34.58676457,150.70,213.40,1.67
113.67895069,34.58676376,150.70,214.40,1.67
113.67894922,34.58676293,150.70,215.44,1.69
113.67894778,34.58676207,150.70,216.49,1.69
113.67894635,34.58676118,150.70,217.54,1.69
113.67894493,34.58676028,150.70,218.57,1.69
113.67894353,34.58675934,150.70,219.60,1.69
113.67894219,34.58675838,150.70,220.69,1.69
113.67894087,34.58675739,150.70,221.79,1.69
113.67893954,34.58675639,150.70,222.86,1.69
113.67893693,34.58675434,150.70,225.06,1.69
113.67893566,34.58675328,150.70,226.18,1.72
113.67893440,34.58675220,150.70,227.31,1.72
113.67893318,34.58675109,150.70,228.42,1.72
113.67893199,34.58674997,150.71,229.54,1.72
113.67893082,34.58674884,150.71,230.72,1.72
113.67892970,34.58674768,150.71,231.89,1.72
113.67892861,34.58674650,150.70,233.02,1.72
113.67892754,34.58674530,150.70,234.16,1.72
113.67892650,34.58674409,150.70,235.33,1.72
113.67892548,34.58674285,150.70,236.45,1.72
113.67892450,34.58674159,150.70,237.52,1.72
113.67892353,34.58674032,150.70,238.59,1.72
113.67892258,34.58673903,150.70,239.68,1.72
113.67892166,34.58673773,150.70,240.71,1.72
113.67892077,34.58673640,150.70,241.71,1.72
113.67891994,34.58673505,150.70,242.69,1.72
113.67891912,34.58673368,150.71,243.66,1.75
113.67891752,34.58673091,150.71,245.48,1.75
113.67891675,34.58672949,150.71,246.38,1.75
113.67891601,34.58672807,150.71,247.27,1.75
113.67891528,34.58672663,150.71,248.17,1.75
113.67891457,34.58672518,150.71,249.07,1.75
113.67891390,34.58672370,150.71,249.95,1.78
113.67891325,34.58672222,150.71,250.83,1.78
113.67891267,34.58672071,150.71,251.67,1.81
113.67891210,34.58671920,150.71,252.47,1.81
113.67891152,34.58671767,150.71,253.28,1.81
113.67891097,34.58671613,150.71,254.06,1.81
113.67891045,34.58671457,150.70,254.81,1.81
113.67890994,34.58671301,150.70,255.55,1.81
113.67890945,34.58671143,150.71,256.29,1.81
113.67890898,34.58670985,150.71,257.02,1.81
113.67890854,34.58670826,150.71,257.75,1.81
113.67890813,34.58670666,150.71,258.50,1.81
113.67890774,34.58670505,150.70,259.23,1.83
113.67890738,34.58670343,150.71,259.96,1.83
113.67890674,34.58670017,150.71,261.43,1.83
113.67890645,34.58669853,150.71,262.16,1.83
113.67890619,34.58669688,150.71,262.89,1.83
113.67890572,34.58669359,150.71,264.40,1.83
113.67890552,34.58669193,150.71,265.14,1.86
113.67890536,34.58669026,150.71,265.90,1.86
113.67890520,34.58668860,150.71,266.66,1.86
113.67890507,34.58668694,150.71,267.41,1.86
113.67890489,34.58668018,150.71,270.42,1.89
113.67890492,34.58667849,150.71,271.18,1.89
113.67890505,34.58667509,150.71,272.71,1.89
113.67890516,34.58667340,150.71,273.52,1.89
113.67890534,34.58667169,150.70,274.37,1.89
113.67890555,34.58666999,150.70,275.26,1.89
113.67890575,34.58666831,150.70,276.17,1.89
113.67890597,34.58666664,150.70,277.11,1.89
113.67890623,34.58666498,150.70,278.06,1.89
113.67890653,34.58666333,150.70,279.01,1.89
113.67890721,34.58666006,150.70,280.98,1.89
113.67890759,34.58665845,150.70,282.04,1.89
113.67890850,34.58665530,150.70,284.23,1.89
113.67890954,34.58665221,150.70,286.53,1.86
113.67891012,34.58665068,150.70,287.64,1.86
113.67891071,34.58664917,150.70,288.87,1.86
113.67891201,34.58664619,150.70,291.41,1.86
113.67891272,34.58664472,150.70,292.68,1.83
113.67891345,34.58664326,150.70,293.98,1.83
113.67891424,34.58664183,150.70,295.25,1.83
113.67891507,34.58664042,150.70,296.57,1.83
113.67891594,34.58663903,150.70,297.95,1.83
113.67891684,34.58663765,150.70,299.31,1.83
113.67891778,34.58663630,150.70,300.68,1.83
113.67891877,34.58663496,150.70,302.05,1.83
113.67891980,34.58663365,150.69,303.35,1.83
113.67892085,34.58663233,150.69,304.71,1.83
113.67892194,34.58663104,150.69,306.07,1.83
113.67892308,34.58662978,150.69,307.40,1.83
113.67892425,34.58662854,150.69,308.74,1.83
113.67892550,34.58662732,150.69,310.07,1.83
113.67892807,34.58662493,150.68,312.71,1.86
113.67892939,34.58662375,150.68,314.03,1.89
113.67893074,34.58662259,150.68,315.37,1.89
113.67893214,34.58662145,150.68,316.69,1.89
113.67893359,34.58662035,150.68,317.97,1.89
113.67893507,34.58661927,150.68,319.31,1.89
113.67893658,34.58661820,150.68,320.68,1.92
113.67893814,34.58661717,150.68,322.00,1.92
113.67893972,34.58661618,150.69,323.28,1.92
113.67894133,34.58661520,150.69,324.59,1.94
113.67894298,34.58661423,150.69,325.87,1.94
113.67894639,34.58661237,150.69,328.34,1.94
113.67894814,34.58661148,150.69,329.56,1.94
113.67894993,34.58661062,150.69,330.75,1.97
113.67895175,34.58660977,150.69,331.94,1.97
113.67895361,34.58660896,150.69,333.11,1.97
113.67895549,34.58660817,150.69,334.28,1.97
113.67895747,34.58660742,150.68,335.44,2.00
113.67895947,34.58660671,150.68,336.58,2.00
113.67896144,34.58660601,150.67,337.69,2.03
113.67896343,34.58660534,150.67,338.78,2.03
113.67896748,34.58660408,150.67,340.89,2.03
113.67896954,34.58660350,150.67,341.89,2.03
113.67897161,34.58660295,150.67,342.86,2.06
113.67897370,34.58660243,150.67,343.81,2.06
113.67897582,34.58660193,150.67,344.74,2.06
113.67897799,34.58660147,150.68,345.64,2.06
113.67898019,34.58660104,150.68,346.51,2.08
113.67898900,34.58659948,150.68,349.65,2.11
113.67899124,34.58659915,150.69,350.30,2.11
113.67899349,34.58659883,150.69,350.93,2.11
113.67899575,34.58659853,150.69,351.52,2.11
113.67899802,34.58659825,150.69,352.08,2.11
113.67900035,34.58659800,150.69,352.61,2.11
113.67900267,34.58659777,150.68,353.13,2.11
113.67900497,34.58659754,150.68,353.61,2.11
113.67900727,34.58659732,150.68,354.02,2.11
113.67901193,34.58659693,150.68,354.58,2.11
113.67901428,34.58659676,150.68,354.75,2.14
113.67901663,34.58659658,150.68,354.84,2.17
113.67901899,34.58659639,150.68,354.89,2.17
113.67902136,34.58659620,150.68,354.93,2.17
113.67902366,34.58659602,150.68,354.96,2.17
113.67902598,34.58659584,150.68,354.99,2.17
113.67902835,34.58659567,150.68,355.03,2.17
113.67903311,34.58659533,150.69,354.90,2.17
113.67903550,34.58659515,150.69,354.80,2.19
113.67903791,34.58659496,150.68,354.70,2.19
113.67904032,34.58659478,150.68,354.55,2.22
113.67904274,34.58659459,150.68,354.37,2.22
113.67904516,34.58659438,150.69,354.18,2.22
113.67904758,34.58659417,150.69,353.98,2.22
113.67904999,34.58659398,150.70,353.79,2.22
113.67905241,34.58659379,150.71,353.59,2.22
113.67905971,34.58659310,150.71,352.97,2.22
113.67906214,34.58659282,150.71,352.76,2.22
113.67906457,34.58659255,150.72,352.56,2.22
113.67906700,34.58659228,150.72,352.39,2.22
113.67906942,34.58659202,150.72,352.25,2.22
113.67907186,34.58659176,150.72,352.14,2.25
113.67907433,34.58659149,150.72,352.08,2.25
113.67907682,34.58659121,150.72,352.06,2.25
113.67907927,34.58659092,150.72,352.07,2.25
113.67908415,34.58659037,150.72,352.28,2.25
113.67908659,34.58659010,150.72,352.46,2.25
113.67908902,34.58658982,150.72,352.66,2.25
113.67909145,34.58658955,150.73,352.88,2.25
113.67909388,34.58658931,150.73,353.10,2.25
113.67909631,34.58658911,150.73,353.32,2.22
113.67909874,34.58658891,150.73,353.54,2.22
113.67910115,34.58658869,150.73,353.75,2.22
113.67910598,34.58658827,150.73,354.19,2.22
113.67910837,34.58658807,150.73,354.41,2.22
113.67911077,34.58658788,150.73,354.63,2.19
113.67911316,34.58658769,150.73,354.89,2.19
113.67911556,34.58658750,150.73,355.13,2.19
113.67911795,34.58658734,150.73,355.36,2.19
113.67912035,34.58658720,150.73,355.59,2.19
113.67912274,34.58658707,150.73,355.81,2.19
113.67912514,34.58658694,150.73,355.98,2.19
113.67912995,34.58658666,150.73,356.17,2.19
113.67913236,34.58658652,150.73,356.25,2.19
113.67913478,34.58658639,150.73,356.33,2.19
113.67913719,34.58658627,150.73,356.42,2.19
113.67913961,34.58658614,150.73,356.50,2.19
113.67914203,34.58658602,150.73,356.57,2.19
113.67914448,34.58658593,150.73,356.66,2.19
113.67914693,34.58658583,150.73,356.73,2.19
113.67914936,34.58658572,150.73,356.78,2.19
113.67915661,34.58658540,150.73,357.01,2.19
113.67915903,34.58658529,150.73,357.06,2.19
113.67916146,34.58658519,150.73,357.15,2.19
113.67916389,34.58658509,150.73,357.24,2.19
113.67916633,34.58658499,150.73,357.30,2.19
113.67916879,34.58658491,150.73,357.36,2.22
113.67917368,34.58658474,150.73,357.51,2.22
113.67917857,34.58658456,150.73,357.64,2.22
113.67918101,34.58658447,150.73,357.72,2.22
113.67918345,34.58658439,150.73,357.83,2.22
113.67918589,34.58658432,150.73,357.92,2.22
113.67918833,34.58658425,150.73,357.99,2.22
113.67919077,34.58658417,150.73,358.09,2.22
113.67919322,34.58658412,150.73,358.17,2.22
113.67919568,34.58658408,150.73,358.22,2.25
113.67919813,34.58658402,150.73,358.31,2.22
113.67920305,34.58658390,150.73,358.41,2.22
113.67920551,34.58658384,150.73,358.47,2.22
113.67920796,34.58658379,150.73,358.54,2.22
113.67921042,34.58658375,150.73,358.56,2.22
113.67921287,34.58658369,150.73,358.57,2.22
113.67921531,34.58658362,150.73,358.63,2.22
113.67921775,34.58658359,150.73,358.64,2.22
113.67922021,34.58658358,150.74,358.64,2.22
113.67922267,34.58658354,150.74,358.67,2.22
113.67922513,34.58658351,150.74,358.70,2.22
113.67923005,34.58658341,150.74,358.71,2.25
113.67923251,34.58658337,150.74,358.70,2.25
113.67923497,34.58658333,150.74,358.68,2.22
113.67923744,34.58658328,150.74,358.63,2.22
113.67923990,34.58658322,150.74,358.60,2.22
113.67924237,34.58658318,150.74,358.55,2.22
113.67924484,34.58658315,150.75,358.47,2.22
113.67924978,34.58658305,150.74,358.36,2.25
113.67925224,34.58658299,150.74,358.32,2.25
113.67925471,34.58658293,150.74,358.25,2.25
113.67925717,34.58658287,150.74,358.18,2.25
113.67925963,34.58658281,150.75,358.12,2.22
113.67926209,34.58658275,150.75,358.06,2.22
113.67926455,34.58658268,150.75,358.00,2.22
113.67926702,34.58658262,150.74,357.92,2.25
113.67926949,34.58658255,150.74,357.87,2.25
113.67927197,34.58658247,150.74,357.80,2.25
113.67927446,34.58658240,150.74,357.74,2.25
113.67927947,34.58658225,150.74,357.64,2.25
113.67928445,34.58658205,150.75,357.52,2.25
113.67928693,34.58658196,150.75,357.47,2.25
113.67929188,34.58658182,150.74,357.34,2.25
113.67929436,34.58658176,150.74,357.30,2.25
113.67929931,34.58658155,150.74,357.22,2.25
113.67930178,34.58658145,150.74,357.17,2.25
113.67930426,34.58658135,150.73,357.13,2.25
113.67930675,34.58658126,150.73,357.09,2.25
113.67930923,34.58658115,150.73,357.07,2.25
113.67931171,34.58658103,150.73,357.02,2.25
113.67931418,34.58658092,150.73,356.96,2.25
113.67931662,34.58658084,150.74,356.95,2.25
113.67931906,34.58658076,150.74,356.95,2.22
113.67932153,34.58658067,150.75,356.90,2.22
113.67932890,34.58658031,150.75,356.87,2.22
113.67933134,34.58658019,150.75,356.81,2.22
113.67933379,34.58658008,150.75,356.81,2.22
113.67933622,34.58657998,150.75,356.81,2.22
113.67933866,34.58657987,150.75,356.77,2.22
113.67934109,34.58657975,150.75,356.75,2.22
113.67934352,34.58657963,150.75,356.75,2.22
113.67934838,34.58657942,150.75,356.71,2.22
113.67935324,34.58657919,150.74,356.70,2.22
113.67935566,34.58657906,150.74,356.67,2.19
113.67935808,34.58657894,150.74,356.64,2.19
113.67936048,34.58657882,150.74,356.63,2.19
113.67936287,34.58657872,150.74,356.61,2.17
113.67936524,34.58657864,150.74,356.59,2.17
113.67936761,34.58657854,150.73,356.59,2.17
113.67937000,34.58657842,150.73,356.58,2.17
113.67937239,34.58657829,150.73,356.57,2.17
113.67937478,34.58657817,150.73,356.57,2.17
113.67937717,34.58657806,150.73,356.55,2.17
113.67937955,34.58657795,150.73,356.54,2.17
113.67938193,34.58657783,150.73,356.53,2.17
113.67938430,34.58657769,150.73,356.54,2.17
113.67938666,34.58657758,150.73,356.53,2.17
113.67938900,34.58657752,150.74,356.54,2.14
113.67939134,34.58657746,150.74,356.56,2.14
113.67939369,34.58657736,150.74,356.57,2.11
113.67939841,34.58657711,150.74,356.59,2.11
113.67940077,34.58657700,150.74,356.58,2.11
113.67940312,34.58657689,150.74,356.59,2.11
113.67940547,34.58657678,150.74,356.60,2.11
113.67940782,34.58657667,150.74,356.60,2.11
113.67941017,34.58657655,150.74,356.62,2.11
113.67941250,34.58657644,150.74,356.63,2.11
113.67941483,34.58657634,150.74,356.64,2.11
113.67941719,34.58657624,150.74,356.65,2.11
113.67941955,34.58657614,150.74,356.66,2.11
113.67942427,34.58657592,150.73,356.69,2.14
113.67942662,34.58657580,150.73,356.69,2.14
113.67942897,34.58657569,150.73,356.68,2.11
113.67943132,34.58657558,150.73,356.69,2.11
113.67943367,34.58657547,150.74,356.72,2.11
113.67943595,34.58657539,150.74,356.73,2.11
113.67943822,34.58657529,150.75,356.75,2.11
113.67944291,34.58657506,150.74,356.83,2.11
113.67944525,34.58657497,150.74,356.86,2.11
113.67944760,34.58657487,150.74,356.88,2.11
113.67944994,34.58657478,150.74,356.91,2.11
113.67945227,34.58657467,150.74,356.95,2.11
113.67945461,34.58657456,150.74,356.99,2.11
113.67945693,34.58657445,150.75,357.02,2.11
113.67945927,34.58657436,150.75,357.05,2.11
113.67946160,34.58657427,150.74,357.11,2.11
113.67946394,34.58657418,150.74,357.15,2.11
113.67946627,34.58657408,150.74,357.20,2.11
113.67946859,34.58657397,150.74,357.23,2.11
113.67947090,34.58657388,150.74,357.25,2.11
113.67947321,34.58657380,150.75,357.31,2.08
113.67947550,34.58657373,150.75,357.37,2.08
113.67947779,34.58657365,150.75,357.40,2.08
113.67948007,34.58657356,150.75,357.47,2.08
113.67948229,34.58657347,150.74,357.54,2.06
113.67948451,34.58657339,150.74,357.59,2.08
113.67949358,34.58657312,150.73,357.84,2.06
113.67949583,34.58657305,150.73,357.93,2.06
113.67949809,34.58657299,150.73,358.01,2.03
113.67950033,34.58657293,150.73,358.07,2.03
113.67950257,34.58657287,150.73,358.14,2.03
113.67950477,34.58657281,150.74,358.25,2.03
113.67950697,34.58657274,150.74,358.35,2.03
113.67951140,34.58657265,150.74,358.50,2.00
113.67951358,34.58657262,150.74,358.60,1.97
113.67951576,34.58657259,150.74,358.65,1.94
113.67951792,34.58657255,150.74,358.69,1.94
113.67952008,34.58657252,150.74,358.74,1.94
113.67952223,34.58657248,150.74,358.77,1.94
113.67952437,34.58657245,150.74,358.78,1.94
113.67952649,34.58657242,150.74,358.80,1.94
113.67952861,34.58657239,150.74,358.85,1.94
113.67953073,34.58657236,150.74,358.87,1.94
113.67953495,34.58657230,150.74,358.91,1.92
113.67953705,34.58657227,150.74,358.92,1.92
113.67953914,34.58657224,150.74,358.91,1.89
113.67954122,34.58657222,150.75,358.89,1.89
113.67954328,34.58657220,150.74,358.87,1.89
113.67954532,34.58657217,150.74,358.86,1.83
113.67954730,34.58657213,150.75,358.83,1.81
113.67954926,34.58657209,150.75,358.82,1.81
113.67955313,34.58657203,150.75,358.84,1.75
113.67955687,34.58657199,150.76,358.80,1.67
113.67955869,34.58657196,150.76,358.79,1.67
113.67956048,34.58657193,150.76,358.77,1.61
113.67956224,34.58657190,150.76,358.75,1.61
113.67956397,34.58657187,150.76,358.74,1.56
113.67956563,34.58657184,150.76,358.72,1.56
113.67957057,34.58657175,150.76,358.69,1.47
113.67957376,34.58657170,150.76,358.68,1.44
113.67957532,34.58657167,150.76,358.69,1.42
113.67957687,34.58657166,150.76,358.69,1.39
113.67957840,34.58657164,150.76,358.67,1.39
113.67957991,34.58657161,150.76,358.67,1.39
113.67958139,34.58657159,150.76,358.65,1.33
113.67958284,34.58657158,150.76,358.62,1.33
113.67958426,34.58657156,150.76,358.62,1.33
113.67958569,34.58657154,150.76,358.63,1.28
113.67958710,34.58657151,150.76,358.61,1.28
113.67958850,34.58657149,150.76,358.59,1.25
113.67958987,34.58657147,150.76,358.60,1.25
113.67959123,34.58657144,150.76,358.59,1.22
113.67959257,34.58657142,150.76,358.57,1.19
113.67959389,34.58657140,150.76,358.57,1.19
113.67959520,34.58657136,150.76,358.58,1.17
113.67959649,34.58657132,150.77,358.56,1.17
113.67959777,34.58657130,150.77,358.55,1.14
113.67959902,34.58657128,150.77,358.55,1.11
113.67960025,34.58657126,150.77,358.55,1.11
113.67960264,34.58657123,150.77,358.53,1.06
113.67960493,34.58657120,150.77,358.51,1.00
113.67960603,34.58657118,150.77,358.49,1.00
113.67960705,34.58657115,150.77,358.50,0.97
113.67960806,34.58657112,150.78,358.49,0.92
113.67960907,34.58657110,150.78,358.47,0.92
113.67961102,34.58657108,150.78,358.47,0.86
113.67961288,34.58657105,150.78,358.44,0.83
113.67961464,34.58657103,150.78,358.44,0.78
113.67961628,34.58657097,150.78,358.43,0.72
113.67961778,34.58657091,150.78,358.42,0.67
113.67961909,34.58657090,150.78,358.43,0.56
113.67962019,34.58657089,150.78,358.42,0.47
113.67962143,34.58657089,150.78,358.42,0.33
113.67962247,34.58657085,150.79,358.42,0.17
113.67962392,34.58657075,150.79,358.36,0.31
113.67962494,34.58657072,150.79,358.36,0.42
113.67962616,34.58657070,150.79,358.37,0.50
113.67962756,34.58657063,150.79,358.36,0.58
113.67962911,34.58657057,150.79,358.38,0.67
113.67963080,34.58657054,150.79,358.37,0.72
113.67963263,34.58657051,150.79,358.37,0.81
113.67963458,34.58657048,150.79,358.38,0.86
113.67963559,34.58657046,150.79,358.38,0.86
113.67963662,34.58657043,150.80,358.38,0.92
113.67963769,34.58657041,150.80,358.39,0.94
113.67963877,34.58657040,150.80,358.40,0.94
113.67964100,34.58657035,150.80,358.40,1.00
113.67964215,34.58657033,150.80,358.40,1.00
113.67964333,34.58657031,150.80,358.41,1.03
113.67964453,34.58657029,150.80,358.42,1.06
113.67964576,34.58657027,150.79,358.41,1.08
113.67964701,34.58657026,150.79,358.41,1.11
113.67964828,34.58657021,150.80,358.41,1.11
113.67964956,34.58657016,150.80,358.42,1.14
113.67965085,34.58657014,150.80,358.41,1.14
113.67965346,34.58657009,150.80,358.42,1.17
113.67965477,34.58657007,150.80,358.41,1.17
113.67965608,34.58657004,150.80,358.41,1.17
113.67965740,34.58657002,150.80,358.41,1.17
113.67965873,34.58657000,150.80,358.41,1.17
113.67966137,34.58656994,150.81,358.38,1.19
113.67966269,34.58656991,150.81,358.39,1.19
113.67966541,34.58656986,150.81,358.39,1.19
113.67966678,34.58656984,150.81,358.38,1.22
113.67966817,34.58656981,150.81,358.38,1.22
113.67966956,34.58656979,150.81,358.38,1.22
113.67967096,34.58656976,150.81,358.38,1.25
113.67967237,34.58656974,150.81,358.37,1.25
113.67967379,34.58656971,150.81,358.36,1.25
113.67967523,34.58656967,150.81,358.36,1.28
113.67967666,34.58656963,150.82,358.36,1.28
113.67967810,34.58656959,150.82,358.34,1.28
113.67967952,34.58656956,150.81,358.33,1.28
113.67968382,34.58656946,150.81,358.30,1.28
113.67968525,34.58656943,150.82,358.32,1.28
113.67968668,34.58656940,150.82,358.31,1.28
113.67968810,34.58656938,150.82,358.29,1.28
113.67968955,34.58656932,150.82,358.30,1.28
113.67969100,34.58656928,150.82,358.30,1.28
113.67969244,34.58656925,150.82,358.28,1.28
113.67969675,34.58656916,150.82,358.26,1.28
113.67969962,34.58656910,150.82,358.24,1.28
113.67970107,34.58656908,150.82,358.23,1.28
113.67970251,34.58656905,150.82,358.22,1.31
113.67970398,34.58656902,150.82,358.22,1.31
113.67970544,34.58656899,150.81,358.21,1.31
113.67970690,34.58656896,150.81,358.20,1.31
113.67970835,34.58656893,150.82,358.20,1.31
113.67971125,34.58656884,150.82,358.19,1.31
113.67971271,34.58656880,150.82,358.19,1.31
113.67971416,34.58656877,150.82,358.20,1.31
113.67971562,34.58656873,150.82,358.20,1.31
113.67971706,34.58656869,150.82,358.20,1.31
113.67971851,34.58656867,150.83,358.19,1.31
113.67971995,34.58656864,150.83,358.18,1.31
113.67972283,34.58656858,150.84,358.18,1.31
113.67972426,34.58656854,150.84,358.16,1.31
113.67972569,34.58656851,150.84,358.16,1.31
113.67972713,34.58656848,150.84,358.16,1.31
113.67972856,34.58656844,150.84,358.15,1.31
113.67972998,34.58656841,150.84,358.15,1.31
113.67973139,34.58656836,150.84,358.15,1.28
113.67973280,34.58656832,150.84,358.14,1.28
113.67973427,34.58656828,150.84,358.13,1.28
113.67973575,34.58656824,150.84,358.14,1.28
113.67973862,34.58656817,150.84,358.14,1.28
113.67974005,34.58656812,150.84,358.15,1.28
113.67974149,34.58656808,150.84,358.13,1.28
113.67974293,34.58656805,150.84,358.13,1.28
113.67974437,34.58656801,150.84,358.13,1.28
113.67974577,34.58656797,150.84,358.11,1.28
113.67974716,34.58656793,150.84,358.10,1.28
113.67974996,34.58656788,150.85,358.09,1.25
113.67975132,34.58656785,150.85,358.08,1.22
113.67975266,34.58656781,150.85,358.08,1.19
113.67975398,34.58656777,150.85,358.08,1.19
113.67975529,34.58656773,150.85,358.08,1.19
113.67975660,34.58656769,150.85,358.07,1.19
113.67975790,34.58656766,150.85,358.08,1.17
113.67975919,34.58656762,150.85,358.08,1.17
113.67976052,34.58656762,150.85,358.06,1.17
113.67976313,34.58656756,150.84,358.08,1.17
113.67976441,34.58656752,150.84,358.07,1.17
113.67976695,34.58656745,150.85,358.06,1.17
113.67976822,34.58656741,150.84,358.05,1.17
113.67976948,34.58656738,150.84,358.03,1.14
113.67977073,34.58656735,150.84,358.03,1.14
113.67977194,34.58656731,150.84,358.05,1.11
113.67977317,34.58656731,150.85,358.02,1.11
113.67977437,34.58656729,150.85,358.00,1.06
113.67977553,34.58656725,150.85,358.02,1.06
113.67977891,34.58656715,150.85,358.01,1.00
113.67977997,34.58656711,150.85,358.01,0.97
113.67978101,34.58656708,150.85,358.01,0.94
113.67978295,34.58656702,150.85,358.01,0.86
113.67978471,34.58656704,150.85,358.01,0.75
113.67978671,34.58656697,150.85,358.01,0.56
113.67978797,34.58656693,150.85,357.99,0.36
113.67978910,34.58656701,150.86,357.98,0.00
113.67979046,34.58656696,150.86,358.00,0.33
113.67979152,34.58656693,150.86,358.12,0.44
113.67979278,34.58656690,150.86,358.36,0.56
113.67979423,34.58656687,150.86,358.78,0.64
113.67979584,34.58656685,150.86,359.34,0.69
113.67979763,34.58656684,150.86,0.13,0.78
113.67980135,34.58656690,150.86,2.31,0.86
113.67980330,34.58656698,150.86,3.73,0.92
113.67980529,34.58656713,150.86,5.29,0.97
113.67980631,34.58656720,150.86,6.10,0.97
113.67980735,34.58656730,150.86,6.89,1.00
113.67980839,34.58656740,150.86,7.70,1.00
113.67980945,34.58656752,150.86,8.55,1.00
113.67981050,34.58656766,150.86,9.40,1.03
113.67981157,34.58656781,150.86,10.24,1.03
113.67981371,34.58656816,150.86,11.97,1.06
113.67981479,34.58656835,150.85,12.86,1.06
113.67981587,34.58656855,150.85,13.75,1.06
113.67981693,34.58656879,150.86,14.65,1.08
113.67981800,34.58656903,150.86,15.60,1.11
113.67982016,34.58656957,150.86,17.52,1.11
113.67982125,34.58656986,150.87,18.52,1.14
113.67982234,34.58657017,150.86,19.55,1.14
113.67982344,34.58657050,150.86,20.53,1.14
113.67982453,34.58657084,150.86,21.55,1.14
113.67982562,34.58657120,150.86,22.61,1.14
113.67982669,34.58657157,150.87,23.66,1.14
113.67982778,34.58657195,150.86,24.69,1.14
113.67982887,34.58657235,150.86,25.74,1.14
113.67982992,34.58657276,150.86,26.81,1.14
113.67983096,34.58657319,150.86,27.88,1.14
113.67983300,34.58657412,150.86,29.97,1.14
113.67983501,34.58657512,150.86,32.09,1.17
113.67983697,34.58657617,150.86,34.22,1.17
113.67983891,34.58657730,150.86,36.40,1.17
113.67984078,34.58657851,150.86,38.68,1.17
113.67984263,34.58657975,150.86,40.93,1.19
113.67984441,34.58658107,150.86,43.22,1.19
113.67984612,34.58658246,150.86,45.51,1.19
113.67984782,34.58658392,150.86,47.82,1.19
113.67985017,34.58658618,150.86,51.26,1.19
113.67985164,34.58658775,150.86,53.58,1.19
113.67985304,34.58658936,150.86,55.91,1.19
113.67985432,34.58659103,150.86,58.26,1.19
113.67985551,34.58659274,150.86,60.60,1.19
113.67985723,34.58659541,150.86,64.15,1.22
113.67985826,34.58659724,150.86,66.51,1.22
113.67985920,34.58659912,150.86,68.88,1.25
113.67986005,34.58660108,150.86,71.27,1.25
113.67986083,34.58660303,150.86,73.64,1.25
113.67986150,34.58660501,150.86,75.96,1.25
113.67986206,34.58660702,150.86,78.18,1.25
113.67986231,34.58660804,150.86,79.31,1.25
113.67986253,34.58660907,150.86,80.40,1.25
113.67986272,34.58661014,150.86,81.46,1.25
113.67986289,34.58661120,150.86,82.55,1.25
113.67986305,34.58661226,150.86,83.63,1.25
113.67986317,34.58661332,150.86,84.64,1.25
113.67986328,34.58661439,150.86,85.57,1.25
113.67986346,34.58661656,150.86,87.26,1.25
113.67986351,34.58661768,150.86,87.96,1.25
113.67986355,34.58661880,150.86,88.52,1.25
113.67986358,34.58661994,150.86,88.94,1.25
113.67986359,34.58662112,150.86,89.22,1.25
113.67986361,34.58662229,150.86,89.42,1.28
113.67986363,34.58662348,150.86,89.51,1.28
113.67986366,34.58662585,150.87,89.53,1.28
113.67986367,34.58662705,150.87,89.51,1.28
113.67986367,34.58662825,150.87,89.46,1.31
113.67986368,34.58662946,150.87,89.42,1.31
113.67986370,34.58663067,150.87,89.39,1.31
113.67986369,34.58663308,150.87,89.30,1.31
113.67986367,34.58663427,150.87,89.27,1.28
113.67986366,34.58663543,150.87,89.23,1.25
113.67986368,34.58663760,150.87,89.18,1.17
113.67986369,34.58663940,150.87,89.13,0.89
113.67986371,34.58664052,150.87,89.11,0.56
