113.67990584,34.58675122,150.88,180.42,0.00
113.67990453,34.58675118,150.87,180.44,0.14
113.67990293,34.58675118,150.87,180.43,0.44
113.67990151,34.58675117,150.87,180.43,0.58
113.67989990,34.58675117,150.87,180.39,0.69
113.67989807,34.58675116,150.87,180.35,0.78
113.67989610,34.58675114,150.87,180.34,0.86
113.67989505,34.58675114,150.87,180.31,0.89
113.67989397,34.58675115,150.87,180.27,0.92
113.67989285,34.58675114,150.87,180.24,0.97
113.67989169,34.58675113,150.87,180.24,1.00
113.67989053,34.58675113,150.87,180.21,1.00
113.67988934,34.58675114,150.87,180.18,1.06
113.67988811,34.58675114,150.87,180.17,1.06
113.67988688,34.58675114,150.87,180.15,1.11
113.67988561,34.58675113,150.87,180.12,1.11
113.67988432,34.58675113,150.87,180.10,1.14
113.67988301,34.58675113,150.86,180.07,1.17
113.67988169,34.58675112,150.86,180.04,1.17
113.67988033,34.58675113,150.86,180.04,1.19
113.67987894,34.58675113,150.86,180.01,1.22
113.67987753,34.58675113,150.86,179.97,1.25
113.67987608,34.58675114,150.86,179.95,1.28
113.67987462,34.58675114,150.86,179.93,1.33
113.67987311,34.58675113,150.86,179.89,1.33
113.67987156,34.58675113,150.85,179.85,1.33
113.67986997,34.58675113,150.85,179.82,1.42
113.67986836,34.58675113,150.85,179.79,1.42
113.67986670,34.58675114,150.86,179.76,1.44
113.67986502,34.58675115,150.86,179.74,1.47
113.67986331,34.58675115,150.86,179.70,1.53
113.67986154,34.58675115,150.86,179.67,1.56
113.67985976,34.58675116,150.86,179.64,1.58
113.67985793,34.58675116,150.86,179.59,1.61
113.67985608,34.58675117,150.86,179.55,1.64
113.67985419,34.58675118,150.86,179.53,1.67
113.67985228,34.58675118,150.86,179.48,1.69
113.67985034,34.58675120,150.86,179.43,1.72
113.67984837,34.58675121,150.86,179.38,1.75
113.67984636,34.58675122,150.86,179.33,1.81
113.67984433,34.58675124,150.86,179.27,1.81
113.67984227,34.58675124,150.86,179.22,1.83
113.67984019,34.58675125,150.86,179.18,1.86
113.67983806,34.58675128,150.86,179.13,1.89
113.67983591,34.58675130,150.86,179.05,1.94
113.67983374,34.58675133,150.86,178.98,1.94
113.67983152,34.58675136,150.86,178.94,1.97
113.67982930,34.58675139,150.86,178.86,2.00
113.67982705,34.58675142,150.86,178.78,2.03
113.67982478,34.58675146,150.86,178.72,2.03
113.67982249,34.58675151,150.86,178.64,2.08
113.67982017,34.58675154,150.86,178.56,2.08
113.67981785,34.58675159,150.86,178.50,2.08
113.67981550,34.58675163,150.86,178.44,2.11
113.67981313,34.58675168,150.86,178.36,2.11
113.67981074,34.58675172,150.86,178.29,2.11
113.67980834,34.58675177,150.86,178.22,2.17
113.67980592,34.58675184,150.86,178.15,2.17
113.67980348,34.58675190,150.86,178.08,2.19
113.67980103,34.58675195,150.86,178.01,2.19
113.67979856,34.58675202,150.86,177.93,2.19
113.67979607,34.58675209,150.86,177.86,2.25
113.67979357,34.58675216,150.86,177.81,2.25
113.67979105,34.58675225,150.86,177.72,2.25
113.67978853,34.58675232,150.86,177.63,2.28
113.67978598,34.58675241,150.86,177.57,2.31
113.67978342,34.58675249,150.86,177.51,2.31
113.67978083,34.58675259,150.86,177.41,2.31
113.67977823,34.58675267,150.86,177.33,2.36
113.67977562,34.58675277,150.86,177.25,2.36
113.67977299,34.58675288,150.86,177.17,2.36
113.67977034,34.58675298,150.86,177.09,2.39
113.67976768,34.58675308,150.86,177.03,2.42
113.67976500,34.58675320,150.86,176.99,2.42
113.67976231,34.58675331,150.86,176.95,2.44
113.67975692,34.58675353,150.85,176.87,2.44
113.67975423,34.58675365,150.85,176.82,2.44
113.67975155,34.58675376,150.85,176.79,2.44
113.67974887,34.58675389,150.85,176.77,2.44
113.67974620,34.58675402,150.85,176.74,2.44
113.67974352,34.58675414,150.85,176.72,2.42
113.67974085,34.58675426,150.84,176.69,2.42
113.67973817,34.58675437,150.84,176.68,2.42
113.67973549,34.58675450,150.84,176.68,2.42
113.67973282,34.58675461,150.84,176.64,2.42
113.67973015,34.58675474,150.84,176.62,2.42
113.67972749,34.58675486,150.84,176.62,2.42
113.67972483,34.58675499,150.83,176.61,2.44
113.67972216,34.58675511,150.83,176.59,2.44
113.67971949,34.58675525,150.83,176.58,2.44
113.67971682,34.58675537,150.83,176.57,2.44
113.67971413,34.58675549,150.82,176.54,2.44
113.67971143,34.58675562,150.82,176.51,2.44
113.67970872,34.58675574,150.82,176.50,2.47
113.67970600,34.58675588,150.82,176.48,2.47
113.67970327,34.58675602,150.82,176.45,2.47
113.67970053,34.58675616,150.82,176.44,2.50
113.67969779,34.58675629,150.82,176.45,2.50
113.67969504,34.58675643,150.82,176.43,2.50
113.67969228,34.58675658,150.82,176.40,2.50
113.67968952,34.58675672,150.82,176.39,2.50
113.67968675,34.58675685,150.82,176.38,2.50
113.67968397,34.58675699,150.82,176.38,2.53
113.67968120,34.58675712,150.82,176.37,2.53
113.67967840,34.58675727,150.82,176.37,2.53
113.67967559,34.58675741,150.81,176.37,2.53
113.67966997,34.58675770,150.81,176.32,2.58
113.67966715,34.58675785,150.81,176.35,2.58
113.67966433,34.58675800,150.81,176.34,2.58
113.67966150,34.58675814,150.81,176.30,2.58
113.67965866,34.58675829,150.81,176.30,2.58
113.67965583,34.58675844,150.81,176.29,2.58
113.67965014,34.58675872,150.80,176.29,2.58
113.67964728,34.58675887,150.79,176.29,2.61
113.67964441,34.58675901,150.79,176.29,2.61
113.67964155,34.58675917,150.79,176.28,2.61
113.67963868,34.58675931,150.80,176.26,2.61
113.67963582,34.58675947,150.80,176.27,2.61
113.67963295,34.58675961,150.80,176.28,2.61
113.67963009,34.58675977,150.80,176.27,2.61
113.67962721,34.58675991,150.80,176.24,2.61
113.67962434,34.58676007,150.80,176.23,2.61
113.67962145,34.58676021,150.79,176.23,2.61
113.67961856,34.58676034,150.79,176.19,2.61
113.67961567,34.58676050,150.80,176.16,2.61
113.67961276,34.58676065,150.79,176.16,2.64
113.67960986,34.58676082,150.80,176.14,2.64
113.67960695,34.58676098,150.80,176.10,2.67
113.67960401,34.58676112,150.80,176.08,2.67
113.67960108,34.58676127,150.79,176.09,2.67
113.67959814,34.58676144,150.79,176.07,2.67
113.67959517,34.58676159,150.79,176.02,2.67
113.67959222,34.58676176,150.79,176.01,2.69
113.67958926,34.58676192,150.79,176.00,2.69
113.67958629,34.58676210,150.79,175.98,2.72
113.67958330,34.58676226,150.79,175.97,2.72
113.67958032,34.58676243,150.79,175.95,2.72
113.67957732,34.58676261,150.79,175.95,2.72
113.67957431,34.58676277,150.79,175.94,2.72
113.67957128,34.58676292,150.79,175.93,2.72
113.67956826,34.58676310,150.79,175.93,2.72
113.67956522,34.58676327,150.79,175.93,2.75
113.67956220,34.58676346,150.79,175.94,2.75
113.67955914,34.58676362,150.79,175.95,2.78
113.67955610,34.58676380,150.79,175.97,2.78
113.67955305,34.58676397,150.79,176.02,2.78
113.67954999,34.58676413,150.79,176.05,2.78
113.67954693,34.58676431,150.78,176.07,2.78
113.67954385,34.58676447,150.78,176.10,2.78
113.67954079,34.58676464,150.79,176.14,2.78
113.67953772,34.58676480,150.78,176.18,2.81
113.67953466,34.58676496,150.78,176.20,2.81
113.67953159,34.58676512,150.78,176.22,2.81
113.67952852,34.58676528,150.78,176.26,2.81
113.67952545,34.58676543,150.78,176.28,2.81
113.67952236,34.58676559,150.78,176.29,2.81
113.67951929,34.58676577,150.78,176.31,2.81
113.67951621,34.58676593,150.78,176.31,2.81
113.67951312,34.58676608,150.78,176.33,2.81
113.67951003,34.58676622,150.78,176.35,2.81
113.67950695,34.58676638,150.78,176.36,2.81
113.67950386,34.58676653,150.78,176.37,2.81
113.67950079,34.58676668,150.78,176.36,2.81
113.67949769,34.58676683,150.78,176.37,2.81
113.67949461,34.58676701,150.78,176.39,2.81
113.67949150,34.58676716,150.78,176.37,2.81
113.67948841,34.58676732,150.78,176.36,2.81
113.67948532,34.58676748,150.78,176.37,2.81
113.67948221,34.58676763,150.78,176.37,2.83
113.67947911,34.58676778,150.78,176.34,2.83
113.67947602,34.58676794,150.78,176.32,2.81
113.67947290,34.58676809,150.78,176.32,2.81
113.67946981,34.58676826,150.78,176.32,2.83
113.67946669,34.58676841,150.78,176.30,2.83
113.67946359,34.58676857,150.78,176.28,2.83
113.67946048,34.58676872,150.77,176.26,2.83
113.67945738,34.58676888,150.77,176.24,2.83
113.67945428,34.58676905,150.78,176.21,2.83
113.67945119,34.58676921,150.78,176.19,2.83
113.67944810,34.58676938,150.78,176.17,2.83
113.67944499,34.58676955,150.77,176.13,2.83
113.67944189,34.58676972,150.77,176.11,2.86
113.67943877,34.58676988,150.77,176.10,2.86
113.67943565,34.58677004,150.77,176.06,2.86
113.67943255,34.58677021,150.78,176.02,2.83
113.67942943,34.58677037,150.78,176.01,2.81
113.67942634,34.58677054,150.78,175.97,2.81
113.67942325,34.58677072,150.78,175.94,2.81
113.67942014,34.58677089,150.78,175.94,2.83
113.67941704,34.58677106,150.78,175.90,2.83
113.67941394,34.58677124,150.78,175.89,2.83
113.67941083,34.58677141,150.78,175.87,2.83
113.67940774,34.58677159,150.78,175.83,2.83
113.67940464,34.58677177,150.78,175.79,2.83
113.67940154,34.58677195,150.78,175.77,2.81
113.67939844,34.58677212,150.78,175.75,2.86
113.67939535,34.58677230,150.78,175.72,2.86
113.67939227,34.58677249,150.78,175.70,2.83
113.67938917,34.58677267,150.78,175.66,2.81
113.67938608,34.58677285,150.77,175.65,2.81
113.67938301,34.58677304,150.77,175.63,2.81
113.67937993,34.58677323,150.78,175.59,2.81
113.67937688,34.58677342,150.78,175.59,2.78
113.67937382,34.58677361,150.77,175.59,2.78
113.67937078,34.58677380,150.77,175.59,2.81
113.67936773,34.58677399,150.77,175.61,2.78
113.67936469,34.58677418,150.77,175.62,2.78
113.67936166,34.58677437,150.77,175.62,2.78
113.67935861,34.58677456,150.77,175.62,2.78
113.67935559,34.58677475,150.77,175.64,2.78
113.67935256,34.58677493,150.78,175.68,2.75
113.67934954,34.58677512,150.78,175.68,2.75
113.67934651,34.58677530,150.77,175.70,2.75
113.67934350,34.58677549,150.77,175.74,2.75
113.67934046,34.58677567,150.77,175.75,2.75
113.67933744,34.58677584,150.77,175.76,2.75
113.67933443,34.58677603,150.77,175.79,2.75
113.67933143,34.58677621,150.77,175.82,2.75
113.67932841,34.58677638,150.77,175.83,2.75
113.67932538,34.58677655,150.77,175.86,2.75
113.67932238,34.58677673,150.77,175.91,2.75
113.67931936,34.58677689,150.77,175.91,2.75
113.67931635,34.58677706,150.77,175.94,2.75
113.67931331,34.58677724,150.77,176.00,2.75
113.67931030,34.58677742,150.77,176.01,2.75
113.67930727,34.58677757,150.77,176.02,2.75
113.67930427,34.58677774,150.77,176.07,2.75
113.67930127,34.58677791,150.77,176.11,2.75
113.67929824,34.58677807,150.77,176.14,2.75
113.67929521,34.58677823,150.77,176.20,2.75
113.67929220,34.58677838,150.77,176.23,2.75
113.67928918,34.58677852,150.77,176.30,2.72
113.67928616,34.58677869,150.77,176.39,2.75
113.67928314,34.58677884,150.77,176.42,2.75
113.67928012,34.58677898,150.76,176.49,2.75
113.67927709,34.58677913,150.77,176.63,2.75
113.67927408,34.58677928,150.77,176.71,2.75
113.67927106,34.58677942,150.77,176.76,2.72
113.67926804,34.58677955,150.77,176.86,2.72
113.67926502,34.58677968,150.76,176.95,2.75
113.67926202,34.58677980,150.76,177.02,2.75
113.67925903,34.58677992,150.76,177.11,2.75
113.67925600,34.58678004,150.76,177.20,2.75
113.67925299,34.58678016,150.76,177.28,2.75
113.67924997,34.58678027,150.76,177.33,2.75
113.67924696,34.58678038,150.76,177.40,2.72
113.67924393,34.58678049,150.75,177.45,2.72
113.67924093,34.58678059,150.75,177.47,2.72
113.67923791,34.58678068,150.75,177.54,2.72
113.67923492,34.58678078,150.76,177.61,2.72
113.67923191,34.58678088,150.76,177.64,2.72
113.67922892,34.58678098,150.76,177.66,2.72
113.67922594,34.58678108,150.76,177.70,2.72
113.67922294,34.58678117,150.76,177.69,2.72
113.67921995,34.58678126,150.75,177.67,2.72
113.67921695,34.58678135,150.75,177.70,2.72
113.67921397,34.58678145,150.75,177.68,2.72
113.67921098,34.58678154,150.75,177.62,2.72
113.67920799,34.58678163,150.75,177.65,2.72
113.67920499,34.58678172,150.75,177.64,2.72
113.67920202,34.58678182,150.75,177.58,2.72
113.67919903,34.58678192,150.76,177.57,2.72
113.67919606,34.58678202,150.75,177.56,2.72
113.67919309,34.58678212,150.75,177.52,2.72
113.67919013,34.58678222,150.75,177.49,2.72
113.67918716,34.58678233,150.75,177.47,2.72
113.67918420,34.58678244,150.75,177.45,2.72
113.67918124,34.58678254,150.75,177.41,2.72
113.67917827,34.58678264,150.75,177.37,2.72
113.67917530,34.58678275,150.75,177.36,2.72
113.67917234,34.58678286,150.74,177.33,2.72
113.67916938,34.58678296,150.74,177.29,2.72
113.67916643,34.58678307,150.74,177.27,2.72
113.67916348,34.58678319,150.75,177.28,2.69
113.67916054,34.58678330,150.74,177.24,2.69
113.67915761,34.58678341,150.74,177.19,2.67
113.67915468,34.58678352,150.75,177.20,2.67
113.67915176,34.58678363,150.74,177.18,2.67
113.67914884,34.58678374,150.74,177.14,2.67
113.67914592,34.58678385,150.74,177.14,2.67
113.67914302,34.58678396,150.74,177.14,2.67
113.67914013,34.58678407,150.74,177.14,2.64
113.67913439,34.58678429,150.74,177.14,2.61
113.67913153,34.58678440,150.74,177.14,2.58
113.67912868,34.58678453,150.74,177.16,2.58
113.67912587,34.58678464,150.74,177.16,2.58
113.67912307,34.58678474,150.74,177.15,2.58
113.67912027,34.58678485,150.74,177.18,2.56
113.67911749,34.58678496,150.74,177.19,2.53
113.67911474,34.58678507,150.74,177.18,2.53
113.67911199,34.58678518,150.74,177.20,2.50
113.67910928,34.58678528,150.74,177.24,2.50
113.67910657,34.58678538,150.74,177.28,2.47
113.67910389,34.58678549,150.74,177.33,2.44
113.67910121,34.58678559,150.73,177.40,2.44
113.67909856,34.58678569,150.73,177.47,2.44
113.67909593,34.58678578,150.73,177.57,2.42
113.67909330,34.58678587,150.73,177.69,2.39
113.67909067,34.58678595,150.73,177.79,2.39
113.67908806,34.58678603,150.72,177.90,2.39
113.67908545,34.58678612,150.72,178.05,2.39
113.67908286,34.58678619,150.72,178.18,2.36
113.67908028,34.58678625,150.72,178.29,2.36
113.67907770,34.58678631,150.73,178.44,2.36
113.67907515,34.58678637,150.73,178.59,2.33
113.67907259,34.58678642,150.73,178.71,2.33
113.67907006,34.58678647,150.73,178.86,2.31
113.67906753,34.58678652,150.73,179.06,2.31
113.67906501,34.58678656,150.73,179.26,2.28
113.67906252,34.58678658,150.73,179.46,2.28
113.67906004,34.58678661,150.73,179.70,2.25
113.67905755,34.58678662,150.72,180.01,2.25
113.67905508,34.58678662,150.72,180.36,2.25
113.67905261,34.58678658,150.72,180.72,2.25
113.67905013,34.58678654,150.72,181.09,2.25
113.67904766,34.58678651,150.72,181.50,2.25
113.67904518,34.58678646,150.72,181.93,2.25
113.67904268,34.58678639,150.72,182.43,2.25
113.67904017,34.58678629,150.72,183.01,2.25
113.67903768,34.58678618,150.72,183.60,2.28
113.67903517,34.58678604,150.72,184.19,2.28
113.67903266,34.58678589,150.72,184.80,2.31
113.67903015,34.58678572,150.72,185.44,2.31
113.67902763,34.58678552,150.72,186.11,2.33
113.67902511,34.58678529,150.72,186.73,2.33
113.67902258,34.58678504,150.72,187.37,2.33
113.67902006,34.58678478,150.72,188.06,2.33
113.67901754,34.58678448,150.72,188.77,2.36
113.67901502,34.58678415,150.72,189.52,2.36
113.67901250,34.58678380,150.72,190.32,2.36
113.67900999,34.58678342,150.72,191.17,2.36
113.67900748,34.58678301,150.72,192.08,2.36
113.67900496,34.58678257,150.72,193.06,2.39
113.67900245,34.58678209,150.72,194.11,2.39
113.67899995,34.58678157,150.72,195.18,2.39
113.67899744,34.58678100,150.72,196.24,2.42
113.67899496,34.58678039,150.72,197.32,2.42
113.67899247,34.58677973,150.72,198.50,2.42
113.67899001,34.58677904,150.72,199.71,2.42
113.67898756,34.58677831,150.72,200.92,2.44
113.67898512,34.58677754,150.72,202.15,2.44
113.67898270,34.58677672,150.72,203.38,2.44
113.67898030,34.58677585,150.72,204.65,2.44
113.67897792,34.58677495,150.72,205.98,2.44
113.67897557,34.58677401,150.72,207.33,2.47
113.67897322,34.58677301,150.72,208.68,2.47
113.67897091,34.58677196,150.72,210.04,2.50
113.67896864,34.58677087,150.72,211.42,2.50
113.67896641,34.58676972,150.72,212.83,2.50
113.67896419,34.58676852,150.72,214.22,2.50
113.67896200,34.58676728,150.72,215.56,2.50
113.67895983,34.58676600,150.72,216.88,2.50
113.67895770,34.58676467,150.72,218.17,2.53
113.67895559,34.58676330,150.72,219.42,2.53
113.67895351,34.58676188,150.72,220.64,2.53
113.67895145,34.58676042,150.72,221.84,2.53
113.67894943,34.58675892,150.72,223.08,2.53
113.67894747,34.58675737,150.72,224.32,2.53
113.67894554,34.58675578,150.72,225.57,2.56
113.67894363,34.58675417,150.72,226.85,2.56
113.67894177,34.58675252,150.72,228.10,2.58
113.67893995,34.58675083,150.72,229.36,2.58
113.67893817,34.58674911,150.72,230.66,2.58
113.67893643,34.58674735,150.72,231.96,2.58
113.67893474,34.58674557,150.72,233.27,2.58
113.67893308,34.58674374,150.72,234.56,2.58
113.67893148,34.58674188,150.73,235.83,2.58
113.67892996,34.58673997,150.72,237.10,2.58
113.67892847,34.58673804,150.72,238.39,2.61
113.67892703,34.58673608,150.72,239.69,2.61
113.67892563,34.58673409,150.73,240.98,2.61
113.67892429,34.58673207,150.73,242.25,2.61
113.67892300,34.58673002,150.73,243.54,2.61
113.67892175,34.58672795,150.73,244.86,2.64
113.67892056,34.58672585,150.73,246.16,2.64
113.67891943,34.58672373,150.73,247.43,2.64
113.67891837,34.58672159,150.73,248.72,2.64
113.67891738,34.58671944,150.73,250.00,2.64
113.67891644,34.58671727,150.73,251.26,2.64
113.67891556,34.58671510,150.73,252.54,2.61
113.67891473,34.58671292,150.73,253.80,2.61
113.67891396,34.58671074,150.74,255.05,2.58
113.67891324,34.58670856,150.74,256.29,2.58
113.67891260,34.58670637,150.74,257.53,2.58
113.67891202,34.58670417,150.74,258.78,2.58
113.67891151,34.58670196,150.74,260.03,2.58
113.67891105,34.58669975,150.74,261.25,2.58
113.67891065,34.58669753,150.74,262.47,2.58
113.67891031,34.58669531,150.74,263.72,2.56
113.67891002,34.58669308,150.74,264.95,2.56
113.67890979,34.58669085,150.74,266.19,2.56
113.67890960,34.58668861,150.74,267.47,2.56
113.67890947,34.58668636,150.74,268.73,2.56
113.67890942,34.58668412,150.74,269.97,2.56
113.67890942,34.58668187,150.74,271.22,2.56
113.67890949,34.58667962,150.74,272.51,2.56
113.67890962,34.58667738,150.74,273.80,2.56
113.67890980,34.58667513,150.74,275.08,2.58
113.67891006,34.58667289,150.74,276.38,2.58
113.67891037,34.58667065,150.74,277.68,2.58
113.67891074,34.58666842,150.74,279.04,2.58
113.67891117,34.58666619,150.74,280.41,2.58
113.67891168,34.58666396,150.74,281.75,2.58
113.67891226,34.58666175,150.74,283.10,2.58
113.67891291,34.58665954,150.74,284.48,2.58
113.67891361,34.58665735,150.74,285.88,2.58
113.67891437,34.58665517,150.74,287.26,2.58
113.67891520,34.58665300,150.74,288.65,2.58
113.67891608,34.58665084,150.74,290.09,2.58
113.67891703,34.58664871,150.74,291.57,2.58
113.67891805,34.58664659,150.74,293.06,2.61
113.67891914,34.58664450,150.74,294.61,2.61
113.67892029,34.58664243,150.74,296.20,2.64
113.67892154,34.58664040,150.74,297.78,2.64
113.67892283,34.58663839,150.74,299.42,2.64
113.67892418,34.58663640,150.74,301.10,2.64
113.67892561,34.58663444,150.74,302.80,2.64
113.67892710,34.58663253,150.74,304.55,2.64
113.67892866,34.58663067,150.74,306.41,2.64
113.67893029,34.58662884,150.74,308.35,2.67
113.67893200,34.58662707,150.74,310.24,2.67
113.67893381,34.58662534,150.74,312.05,2.67
113.67893567,34.58662365,150.74,313.84,2.67
113.67893760,34.58662200,150.74,315.64,2.67
113.67893959,34.58662041,150.74,317.42,2.67
113.67894166,34.58661886,150.74,319.22,2.67
113.67894379,34.58661736,150.74,321.02,2.69
113.67894596,34.58661593,150.74,322.79,2.72
113.67894820,34.58661454,150.74,324.54,2.72
113.67895050,34.58661319,150.74,326.31,2.72
113.67895285,34.58661189,150.74,328.06,2.72
113.67895523,34.58661066,150.74,329.81,2.72
113.67895767,34.58660949,150.74,331.55,2.72
113.67896018,34.58660839,150.74,333.25,2.72
113.67896272,34.58660733,150.74,334.88,2.72
113.67896532,34.58660633,150.74,336.46,2.72
113.67896795,34.58660539,150.74,338.05,2.72
113.67897060,34.58660451,150.74,339.64,2.72
113.67897329,34.58660370,150.74,341.23,2.72
113.67897602,34.58660296,150.74,342.81,2.72
113.67897880,34.58660226,150.74,344.33,2.72
113.67898161,34.58660161,150.74,345.76,2.75
113.67898446,34.58660101,150.74,347.12,2.78
113.67898734,34.58660047,150.74,348.49,2.78
113.67899025,34.58659999,150.74,349.81,2.78
113.67899319,34.58659957,150.75,351.00,2.78
113.67899615,34.58659920,150.75,352.12,2.78
113.67899913,34.58659888,150.75,353.16,2.78
113.67900214,34.58659861,150.75,354.10,2.81
113.67900517,34.58659835,150.75,354.93,2.81
113.67900822,34.58659813,150.75,355.68,2.81
113.67901128,34.58659795,150.75,356.36,2.81
113.67901434,34.58659780,150.75,357.03,2.81
113.67901739,34.58659768,150.75,357.62,2.81
113.67902046,34.58659759,150.75,358.15,2.81
113.67902352,34.58659752,150.75,358.67,2.81
113.67902658,34.58659747,150.76,359.13,2.81
113.67902965,34.58659744,150.76,359.57,2.81
113.67903272,34.58659743,150.76,359.97,2.81
113.67903578,34.58659744,150.76,0.36,2.81
113.67903885,34.58659747,150.75,0.74,2.81
113.67904192,34.58659752,150.76,1.05,2.81
113.67904500,34.58659757,150.76,1.32,2.81
113.67904808,34.58659764,150.76,1.54,2.81
113.67905116,34.58659772,150.76,1.71,2.81
113.67905424,34.58659782,150.76,1.84,2.81
113.67905733,34.58659792,150.76,1.90,2.81
113.67906042,34.58659802,150.76,1.86,2.81
113.67906350,34.58659810,150.76,1.76,2.81
113.67906658,34.58659818,150.76,1.69,2.81
113.67906966,34.58659826,150.76,1.64,2.81
113.67907275,34.58659834,150.76,1.55,2.83
113.67907585,34.58659843,150.76,1.47,2.83
113.67908209,34.58659858,150.76,1.32,2.83
113.67908521,34.58659864,150.76,1.21,2.86
113.67908835,34.58659870,150.76,1.09,2.86
113.67909151,34.58659876,150.76,0.94,2.86
113.67909467,34.58659881,150.77,0.78,2.86
113.67909783,34.58659885,150.77,0.62,2.86
113.67910102,34.58659889,150.77,0.45,2.89
113.67910420,34.58659892,150.77,0.28,2.89
113.67910740,34.58659893,150.77,0.13,2.92
113.67911060,34.58659893,150.77,359.94,2.92
113.67911383,34.58659894,150.77,359.75,2.92
113.67911705,34.58659893,150.77,359.58,2.92
113.67912028,34.58659892,150.77,359.43,2.94
113.67912354,34.58659890,150.77,359.29,2.94
113.67912680,34.58659887,150.77,359.17,2.94
113.67913007,34.58659883,150.77,359.06,2.94
113.67913335,34.58659879,150.77,358.96,3.00
113.67913664,34.58659874,150.77,358.85,3.00
113.67913994,34.58659870,150.77,358.77,3.00
113.67914325,34.58659864,150.77,358.70,3.00
113.67914656,34.58659858,150.77,358.61,3.00
113.67914989,34.58659853,150.77,358.53,3.00
113.67915321,34.58659846,150.78,358.47,3.00
113.67915654,34.58659840,150.78,358.39,3.03
113.67915987,34.58659833,150.78,358.31,3.03
113.67916319,34.58659824,150.78,358.23,3.03
113.67916653,34.58659817,150.77,358.15,3.03
113.67916987,34.58659808,150.78,358.08,3.03
113.67917321,34.58659800,150.78,358.01,3.06
113.67917655,34.58659791,150.78,357.97,3.06
113.67917989,34.58659782,150.77,357.90,3.06
113.67918323,34.58659773,150.78,357.83,3.06
113.67918657,34.58659762,150.78,357.81,3.06
113.67918991,34.58659753,150.78,357.81,3.06
113.67919325,34.58659744,150.78,357.77,3.06
113.67919659,34.58659733,150.77,357.76,3.06
113.67919992,34.58659724,150.77,357.79,3.06
113.67920327,34.58659713,150.77,357.76,3.06
113.67920660,34.58659704,150.78,357.71,3.06
113.67920994,34.58659693,150.78,357.71,3.03
113.67921326,34.58659684,150.78,357.69,3.03
113.67921659,34.58659674,150.77,357.64,3.06
113.67921991,34.58659663,150.78,357.62,3.06
113.67922324,34.58659654,150.78,357.59,3.03
113.67922656,34.58659643,150.77,357.52,3.03
113.67922988,34.58659631,150.77,357.46,3.03
113.67923320,34.58659620,150.77,357.43,3.03
113.67923652,34.58659608,150.77,357.34,3.03
113.67923984,34.58659597,150.78,357.29,3.03
113.67924316,34.58659584,150.78,357.25,3.00
113.67924647,34.58659571,150.78,357.18,3.00
113.67924978,34.58659559,150.78,357.12,3.00
113.67925308,34.58659545,150.78,357.07,3.03
113.67925639,34.58659533,150.78,356.99,3.03
113.67925970,34.58659520,150.78,356.93,3.00
113.67926300,34.58659506,150.78,356.90,3.00
113.67926629,34.58659494,150.78,356.85,3.00
113.67926958,34.58659478,150.78,356.83,3.00
113.67927287,34.58659462,150.78,356.82,3.00
113.67927615,34.58659449,150.78,356.78,3.00
113.67927942,34.58659435,150.78,356.74,2.97
113.67928267,34.58659421,150.78,356.74,2.97
113.67928589,34.58659406,150.78,356.73,2.94
113.67928909,34.58659392,150.78,356.72,2.92
113.67929227,34.58659377,150.78,356.73,2.92
113.67929544,34.58659361,150.78,356.73,2.89
113.67929858,34.58659348,150.78,356.71,2.89
113.67930172,34.58659335,150.77,356.73,2.89
113.67930483,34.58659322,150.77,356.78,2.86
113.67930794,34.58659307,150.76,356.81,2.86
113.67931102,34.58659294,150.76,356.87,2.83
113.67931410,34.58659280,150.77,356.94,2.78
113.67931715,34.58659267,150.77,356.98,2.78
113.67932017,34.58659255,150.77,357.03,2.78
113.67932319,34.58659242,150.77,357.07,2.75
113.67932620,34.58659229,150.77,357.10,2.75
113.67932917,34.58659219,150.77,357.16,2.72
113.67933215,34.58659208,150.77,357.22,2.72
113.67933510,34.58659197,150.77,357.28,2.72
113.67933805,34.58659185,150.77,357.33,2.69
113.67934100,34.58659174,150.77,357.37,2.69
113.67934393,34.58659164,150.77,357.39,2.69
113.67934686,34.58659153,150.77,357.45,2.67
113.67934976,34.58659143,150.77,357.51,2.67
113.67935267,34.58659133,150.77,357.55,2.67
113.67935554,34.58659124,150.77,357.60,2.64
113.67935841,34.58659114,150.77,357.66,2.61
113.67936125,34.58659106,150.77,357.70,2.58
113.67936410,34.58659097,150.77,357.74,2.58
113.67936692,34.58659089,150.77,357.79,2.58
113.67936975,34.58659081,150.77,357.83,2.58
113.67937257,34.58659072,150.77,357.86,2.58
113.67937538,34.58659063,150.77,357.91,2.58
113.67937817,34.58659056,150.77,357.95,2.58
113.67938095,34.58659049,150.77,357.98,2.56
113.67938373,34.58659041,150.77,358.03,2.53
113.67938649,34.58659034,150.77,358.06,2.50
113.67938924,34.58659026,150.77,358.08,2.50
113.67939197,34.58659020,150.77,358.10,2.50
113.67939472,34.58659012,150.77,358.13,2.50
113.67939745,34.58659005,150.77,358.14,2.50
113.67940018,34.58658998,150.77,358.17,2.50
113.67940290,34.58658992,150.77,358.21,2.47
113.67940558,34.58658986,150.77,358.23,2.44
113.67940826,34.58658979,150.77,358.25,2.44
113.67941096,34.58658972,150.77,358.27,2.44
113.67941364,34.58658965,150.77,358.27,2.44
113.67941633,34.58658958,150.77,358.27,2.44
113.67941900,34.58658952,150.77,358.28,2.44
113.67942169,34.58658945,150.77,358.31,2.44
113.67942435,34.58658940,150.77,358.31,2.44
113.67942701,34.58658934,150.76,358.33,2.44
113.67942965,34.58658928,150.77,358.36,2.36
113.67943226,34.58658922,150.77,358.35,2.39
113.67943486,34.58658916,150.77,358.36,2.36
113.67943743,34.58658910,150.77,358.37,2.36
113.67944000,34.58658904,150.76,358.37,2.36
113.67944256,34.58658898,150.76,358.38,2.33
113.67944765,34.58658887,150.76,358.38,2.31
113.67945018,34.58658883,150.76,358.38,2.31
113.67945271,34.58658878,150.76,358.40,2.31
113.67945523,34.58658872,150.76,358.38,2.28
113.67945771,34.58658867,150.77,358.32,2.25
113.67946018,34.58658862,150.76,358.25,2.25
113.67946264,34.58658856,150.76,358.20,2.25
113.67946506,34.58658850,150.76,358.09,2.22
113.67946746,34.58658844,150.76,357.95,2.19
113.67946983,34.58658837,150.77,357.84,2.17
113.67947218,34.58658830,150.77,357.70,2.14
113.67947450,34.58658824,150.77,357.52,2.11
113.67947681,34.58658816,150.77,357.36,2.11
113.67947912,34.58658808,150.77,357.16,2.11
113.67948140,34.58658800,150.77,356.91,2.11
113.67948366,34.58658789,150.77,356.63,2.08
113.67948594,34.58658779,150.76,356.27,2.08
113.67948819,34.58658768,150.76,355.83,2.08
113.67949044,34.58658755,150.76,355.41,2.03
113.67949266,34.58658741,150.77,354.99,2.00
113.67949485,34.58658725,150.77,354.47,2.00
113.67949701,34.58658710,150.77,353.92,1.97
113.67949913,34.58658692,150.77,353.40,1.94
113.67950122,34.58658672,150.76,352.80,1.94
113.67950327,34.58658651,150.76,352.14,1.89
113.67950531,34.58658628,150.76,351.51,1.86
113.67950731,34.58658604,150.76,350.91,1.83
113.67950930,34.58658578,150.76,350.31,1.83
113.67951127,34.58658551,150.76,349.70,1.83
113.67951323,34.58658523,150.76,349.07,1.81
113.67951520,34.58658493,150.76,348.46,1.81
113.67951715,34.58658460,150.76,347.83,1.81
113.67951909,34.58658426,150.76,347.11,1.81
113.67952102,34.58658391,150.76,346.34,1.81
113.67952296,34.58658353,150.76,345.57,1.81
113.67952488,34.58658313,150.76,344.76,1.81
113.67952680,34.58658271,150.76,343.92,1.81
113.67952869,34.58658226,150.76,343.04,1.81
113.67953058,34.58658179,150.76,342.13,1.81
113.67953247,34.58658129,150.76,341.15,1.81
113.67953435,34.58658078,150.76,340.14,1.81
113.67953623,34.58658023,150.76,339.14,1.81
113.67953810,34.58657965,150.76,338.11,1.81
113.67953995,34.58657904,150.75,337.00,1.83
113.67954179,34.58657841,150.75,335.77,1.83
113.67954362,34.58657776,150.75,334.46,1.83
113.67954543,34.58657704,150.75,333.16,1.83
113.67954723,34.58657627,150.75,331.85,1.86
113.67954903,34.58657548,150.75,330.46,1.89
113.67955081,34.58657466,150.75,329.06,1.89
113.67955256,34.58657378,150.75,327.72,1.89
113.67955431,34.58657287,150.75,326.34,1.92
113.67955603,34.58657193,150.75,324.91,1.94
113.67955772,34.58657095,150.75,323.51,1.94
113.67955939,34.58656991,150.75,322.13,1.94
113.67956104,34.58656886,150.75,320.70,1.94
113.67956268,34.58656777,150.75,319.25,1.94
113.67956429,34.58656664,150.75,317.85,1.94
113.67956588,34.58656548,150.75,316.43,1.94
113.67956743,34.58656427,150.75,314.97,1.94
113.67956892,34.58656303,150.75,313.49,1.97
113.67957036,34.58656176,150.75,312.05,1.97
113.67957179,34.58656048,150.75,310.57,1.97
113.67957316,34.58655918,150.74,309.09,1.97
113.67957448,34.58655784,150.74,307.66,1.97
113.67957576,34.58655648,150.74,306.20,1.94
113.67957700,34.58655509,150.74,304.73,1.94
113.67957821,34.58655368,150.74,303.27,1.94
113.67957937,34.58655224,150.74,301.79,1.94
113.67958049,34.58655076,150.74,300.31,1.94
113.67958154,34.58654926,150.74,298.87,1.94
113.67958255,34.58654774,150.74,297.37,1.94
113.67958352,34.58654619,150.74,295.87,1.94
113.67958443,34.58654463,150.73,294.42,1.94
113.67958529,34.58654306,150.73,292.97,1.94
113.67958612,34.58654149,150.73,291.47,1.94
113.67958688,34.58653991,150.73,290.02,1.94
113.67958758,34.58653834,150.73,288.60,1.92
113.67958824,34.58653677,150.72,287.20,1.89
113.67958883,34.58653522,150.72,285.79,1.86
113.67958936,34.58653368,150.72,284.44,1.83
113.67958983,34.58653216,150.72,283.10,1.81
113.67959027,34.58653065,150.72,281.76,1.78
113.67959065,34.58652915,150.71,280.49,1.75
113.67959097,34.58652767,150.71,279.28,1.69
113.67959126,34.58652621,150.71,278.10,1.69
113.67959150,34.58652475,150.71,277.00,1.67
113.67959172,34.58652329,150.70,275.99,1.64
113.67959192,34.58652187,150.70,274.96,1.64
113.67959208,34.58652045,150.70,273.98,1.61
113.67959220,34.58651905,150.70,273.08,1.61
113.67959229,34.58651765,150.70,272.21,1.56
113.67959237,34.58651626,150.69,271.39,1.56
113.67959240,34.58651487,150.69,270.63,1.53
113.67959243,34.58651351,150.69,269.89,1.53
113.67959243,34.58651217,150.69,269.21,1.50
113.67959241,34.58651082,150.69,268.67,1.47
113.67959237,34.58650948,150.69,268.22,1.47
113.67959233,34.58650815,150.69,267.82,1.47
113.67959227,34.58650683,150.69,267.52,1.44
113.67959219,34.58650550,150.68,267.30,1.44
113.67959212,34.58650418,150.68,267.21,1.44
113.67959204,34.58650286,150.68,267.21,1.44
113.67959197,34.58650155,150.68,267.22,1.44
113.67959190,34.58650025,150.68,267.21,1.42
113.67959183,34.58649897,150.68,267.23,1.42
113.67959175,34.58649769,150.68,267.25,1.39
113.67959167,34.58649644,150.68,267.27,1.39
113.67959160,34.58649518,150.68,267.31,1.39
113.67959153,34.58649395,150.68,267.38,1.36
113.67959147,34.58649272,150.67,267.45,1.33
113.67959141,34.58649153,150.67,267.54,1.33
113.67959134,34.58649034,150.67,267.60,1.28
113.67959128,34.58648918,150.67,267.66,1.28
113.67959122,34.58648808,150.67,267.75,1.22
113.67959117,34.58648704,150.67,267.84,1.17
113.67959109,34.58648519,150.67,267.93,1.00
113.67959100,34.58648312,150.66,268.07,0.69
113.67959095,34.58648189,150.66,268.17,0.42
113.67959104,34.58648083,150.71,268.24,0.00
113.67959099,34.58647972,150.70,268.25,0.39
113.67959094,34.58647863,150.70,268.26,0.56
113.67959089,34.58647733,150.70,268.25,0.69
113.67959084,34.58647585,150.70,268.25,0.78
113.67959078,34.58647421,150.70,268.27,0.86
113.67959071,34.58647239,150.70,268.26,0.97
113.67959063,34.58647036,150.70,268.27,1.08
113.67959059,34.58646927,150.70,268.25,1.17
113.67959055,34.58646812,150.70,268.27,1.19
113.67959050,34.58646692,150.69,268.28,1.28
113.67959047,34.58646567,150.69,268.26,1.33
113.67959042,34.58646435,150.69,268.27,1.39
113.67959038,34.58646299,150.69,268.29,1.47
113.67959034,34.58646158,150.69,268.29,1.50
113.67959029,34.58646013,150.69,268.28,1.56
113.67959023,34.58645863,150.69,268.30,1.61
113.67959016,34.58645708,150.69,268.29,1.67
113.67959011,34.58645549,150.68,268.26,1.72
113.67959005,34.58645385,150.68,268.28,1.75
113.67958999,34.58645218,150.68,268.27,1.81
113.67958994,34.58645046,150.68,268.22,1.83
113.67958987,34.58644871,150.68,268.22,1.89
113.67958979,34.58644691,150.68,268.24,1.94
113.67958973,34.58644507,150.67,268.20,1.97
113.67958966,34.58644319,150.67,268.18,2.03
113.67958959,34.58644128,150.67,268.18,2.08
113.67958943,34.58643736,150.67,268.14,2.11
113.67958934,34.58643536,150.67,268.14,2.17
113.67958926,34.58643332,150.66,268.14,2.19
113.67958918,34.58643126,150.66,268.11,2.22
113.67958910,34.58642919,150.66,268.10,2.25
113.67958892,34.58642499,150.67,268.07,2.25
113.67958883,34.58642289,150.66,268.04,2.31
113.67958874,34.58642077,150.66,268.05,2.31
113.67958865,34.58641865,150.66,268.04,2.31
113.67958855,34.58641653,150.66,268.01,2.31
113.67958845,34.58641442,150.65,268.02,2.31
113.67958835,34.58641228,150.65,267.99,2.31
113.67958826,34.58641015,150.65,267.96,2.31
113.67958817,34.58640801,150.65,267.95,2.31
113.67958807,34.58640589,150.65,267.93,2.33
113.67958799,34.58640375,150.65,267.91,2.31
113.67958790,34.58640164,150.64,267.93,2.31
113.67958782,34.58639954,150.64,267.92,2.31
113.67958773,34.58639745,150.64,267.90,2.31
113.67958762,34.58639541,150.63,267.90,2.25
113.67958750,34.58639340,150.63,267.88,2.22
113.67958740,34.58639143,150.63,267.86,2.17
113.67958731,34.58638951,150.63,267.85,2.14
113.67958722,34.58638761,150.63,267.83,2.11
113.67958712,34.58638575,150.62,267.82,2.08
113.67958703,34.58638391,150.62,267.82,2.06
113.67958695,34.58638212,150.61,267.78,2.03
113.67958689,34.58638032,150.61,267.75,1.97
113.67958681,34.58637854,150.60,267.78,1.94
113.67958671,34.58637679,150.60,267.80,1.94
113.67958663,34.58637507,150.60,267.71,1.89
113.67958655,34.58637336,150.60,267.67,1.89
113.67958645,34.58637169,150.60,267.75,1.83
113.67958635,34.58637003,150.60,267.75,1.81
113.67958627,34.58636840,150.60,267.65,1.81
113.67958617,34.58636678,150.61,267.70,1.78
113.67958607,34.58636520,150.61,267.74,1.75
113.67958599,34.58636365,150.61,267.69,1.69
113.67958591,34.58636216,150.61,267.68,1.67
113.67958583,34.58636073,150.61,267.70,1.58
113.67958577,34.58635936,150.61,267.67,1.53
113.67958571,34.58635802,150.61,267.65,1.47
113.67958565,34.58635675,150.61,267.67,1.44
113.67958558,34.58635550,150.61,267.65,1.39
113.67958554,34.58635431,150.60,267.59,1.33
113.67958547,34.58635318,150.60,267.62,1.25
113.67958539,34.58635138,150.60,267.61,0.97
113.67958534,34.58635026,150.60,267.66,0.61
113.67958548,34.58634903,150.58,267.64,0.08
113.67958535,34.58634715,150.57,267.66,0.56
113.67958528,34.58634585,150.57,267.66,0.69
113.67958521,34.58634433,150.57,267.67,0.78
113.67958512,34.58634262,150.56,267.68,0.92
113.67958502,34.58634073,150.56,267.70,1.03
113.67958496,34.58633972,150.56,267.69,1.06
113.67958490,34.58633865,150.57,267.69,1.11
113.67958484,34.58633754,150.57,267.71,1.17
113.67958478,34.58633636,150.57,267.73,1.25
113.67958473,34.58633512,150.57,267.71,1.31
113.67958465,34.58633384,150.56,267.70,1.39
113.67958457,34.58633250,150.56,267.72,1.44
113.67958450,34.58633109,150.56,267.72,1.50
113.67958443,34.58632963,150.56,267.71,1.56
113.67958436,34.58632812,150.56,267.72,1.61
113.67958422,34.58632503,150.56,267.73,1.69
113.67958413,34.58632344,150.56,267.74,1.69
113.67958405,34.58632181,150.56,267.74,1.75
113.67958397,34.58632015,150.56,267.73,1.81
113.67958388,34.58631847,150.56,267.74,1.81
113.67958380,34.58631677,150.56,267.76,1.83
113.67958371,34.58631503,150.56,267.78,1.89
113.67958364,34.58631327,150.55,267.78,1.89
113.67958356,34.58631147,150.55,267.82,1.94
113.67958348,34.58630966,150.55,267.88,1.97
113.67958340,34.58630780,150.55,267.91,2.00
113.67958331,34.58630593,150.55,267.94,2.03
113.67958322,34.58630406,150.55,267.98,2.03
113.67958314,34.58630216,150.54,268.05,2.08
113.67958307,34.58630028,150.54,268.15,2.08
113.67958299,34.58629837,150.54,268.24,2.08
113.67958291,34.58629648,150.54,268.31,2.08
113.67958284,34.58629458,150.54,268.39,2.08
113.67958278,34.58629269,150.53,268.48,2.08
113.67958272,34.58629080,150.53,268.56,2.08
113.67958267,34.58628886,150.53,268.64,2.11
113.67958262,34.58628694,150.52,268.74,2.11
113.67958255,34.58628499,150.52,268.85,2.11
113.67958249,34.58628303,150.52,268.94,2.11
113.67958244,34.58628109,150.52,269.07,2.11
113.67958239,34.58627916,150.52,269.20,2.11
113.67958237,34.58627720,150.52,269.30,2.11
113.67958234,34.58627528,150.51,269.45,2.11
113.67958231,34.58627334,150.51,269.63,2.11
113.67958233,34.58627143,150.51,269.79,2.11
113.67958231,34.58626952,150.51,269.95,2.11
113.67958233,34.58626765,150.51,270.11,2.08
113.67958233,34.58626578,150.50,270.24,2.06
113.67958233,34.58626394,150.50,270.39,2.03
113.67958233,34.58626215,150.50,270.57,1.94
113.67958232,34.58626041,150.50,270.70,1.97
113.67958232,34.58625868,150.50,270.78,1.94
113.67958233,34.58625529,150.50,271.05,1.86
113.67958236,34.58625362,150.49,271.16,1.86
113.67958242,34.58625195,150.49,271.30,1.83
113.67958245,34.58625033,150.49,271.44,1.83
113.67958249,34.58624870,150.49,271.56,1.81
113.67958255,34.58624708,150.49,271.67,1.81
113.67958261,34.58624550,150.48,271.80,1.75
113.67958269,34.58624392,150.48,271.93,1.75
113.67958276,34.58624239,150.48,272.05,1.72
113.67958283,34.58624085,150.48,272.17,1.69
113.67958288,34.58623937,150.47,272.31,1.67
113.67958293,34.58623792,150.48,272.46,1.61
113.67958298,34.58623649,150.49,272.54,1.56
113.67958304,34.58623513,150.49,272.64,1.53
113.67958311,34.58623377,150.50,272.76,1.50
113.67958318,34.58623244,150.50,272.88,1.47
113.67958326,34.58623117,150.49,272.97,1.44
113.67958333,34.58622992,150.49,273.07,1.39
113.67958339,34.58622870,150.50,273.17,1.33
113.67958346,34.58622758,150.50,273.25,1.22
113.67958356,34.58622579,150.50,273.32,0.94
113.67958362,34.58622476,150.50,273.41,0.58
