113.67942586,34.58676831,150.77,179.72,0.00
113.67942477,34.58676831,150.76,179.74,0.00
113.67942328,34.58676831,150.76,179.75,0.44
113.67942199,34.58676832,150.76,179.75,0.56
113.67942046,34.58676832,150.76,179.77,0.64
113.67941869,34.58676832,150.76,179.74,0.75
113.67941672,34.58676833,150.76,179.76,0.86
113.67941570,34.58676833,150.76,179.74,0.86
113.67941462,34.58676834,150.76,179.76,0.92
113.67941353,34.58676834,150.76,179.78,0.94
113.67941238,34.58676834,150.76,179.75,0.97
113.67941124,34.58676835,150.76,179.75,1.00
113.67941008,34.58676835,150.76,179.76,1.03
113.67940764,34.58676835,150.76,179.75,1.06
113.67940637,34.58676836,150.76,179.76,1.11
113.67940507,34.58676837,150.76,179.74,1.14
113.67940379,34.58676837,150.76,179.74,1.14
113.67940245,34.58676837,150.76,179.76,1.17
113.67940113,34.58676837,150.76,179.75,1.17
113.67939976,34.58676837,150.76,179.73,1.19
113.67939841,34.58676838,150.76,179.75,1.19
113.67939707,34.58676839,150.76,179.77,1.19
113.67939568,34.58676839,150.76,179.75,1.19
113.67939431,34.58676841,150.77,179.75,1.19
113.67939290,34.58676841,150.77,179.75,1.25
113.67939148,34.58676841,150.76,179.76,1.25
113.67939007,34.58676842,150.76,179.75,1.28
113.67938865,34.58676842,150.76,179.74,1.28
113.67938720,34.58676844,150.76,179.74,1.28
113.67938578,34.58676844,150.76,179.72,1.28
113.67938433,34.58676844,150.76,179.70,1.28
113.67938292,34.58676845,150.77,179.73,1.28
113.67938146,34.58676845,150.77,179.71,1.28
113.67938003,34.58676846,150.77,179.69,1.28
113.67937857,34.58676847,150.77,179.70,1.28
113.67937710,34.58676849,150.77,179.70,1.28
113.67937566,34.58676849,150.77,179.67,1.28
113.67937417,34.58676849,150.77,179.68,1.31
113.67937271,34.58676850,150.77,179.69,1.33
113.67937122,34.58676850,150.77,179.66,1.33
113.67936975,34.58676851,150.77,179.65,1.33
113.67936824,34.58676853,150.77,179.68,1.33
113.67936676,34.58676853,150.77,179.66,1.33
113.67936524,34.58676854,150.77,179.64,1.33
113.67936374,34.58676855,150.77,179.64,1.33
113.67936220,34.58676855,150.77,179.63,1.33
113.67936070,34.58676856,150.77,179.63,1.33
113.67935917,34.58676857,150.77,179.64,1.36
113.67935767,34.58676859,150.77,179.63,1.36
113.67935616,34.58676860,150.77,179.62,1.36
113.67935464,34.58676861,150.77,179.61,1.36
113.67935313,34.58676860,150.77,179.61,1.36
113.67935008,34.58676862,150.77,179.62,1.36
113.67934854,34.58676864,150.77,179.60,1.36
113.67934698,34.58676865,150.77,179.59,1.36
113.67934545,34.58676865,150.77,179.58,1.36
113.67934391,34.58676866,150.77,179.59,1.39
113.67934234,34.58676867,150.77,179.57,1.39
113.67934080,34.58676868,150.77,179.56,1.39
113.67933922,34.58676869,150.77,179.58,1.39
113.67933767,34.58676870,150.77,179.58,1.39
113.67933608,34.58676871,150.77,179.55,1.39
113.67933452,34.58676873,150.77,179.55,1.42
113.67933293,34.58676874,150.77,179.55,1.42
113.67933134,34.58676875,150.77,179.54,1.42
113.67932979,34.58676876,150.77,179.53,1.42
113.67932822,34.58676878,150.77,179.53,1.42
113.67932662,34.58676879,150.77,179.54,1.42
113.67932502,34.58676879,150.77,179.57,1.42
113.67932345,34.58676881,150.77,179.63,1.42
113.67932183,34.58676882,150.77,179.70,1.42
113.67931703,34.58676885,150.77,180.15,1.42
113.67931541,34.58676885,150.77,180.39,1.44
113.67931379,34.58676885,150.77,180.73,1.44
113.67931223,34.58676884,150.77,181.16,1.44
113.67931061,34.58676882,150.77,181.67,1.47
113.67930899,34.58676878,150.77,182.23,1.47
113.67930741,34.58676874,150.77,182.84,1.47
113.67930585,34.58676868,150.78,183.53,1.47
113.67930426,34.58676860,150.78,184.26,1.47
113.67930271,34.58676851,150.78,185.01,1.47
113.67930113,34.58676841,150.78,185.82,1.47
113.67929955,34.58676829,150.77,186.67,1.47
113.67929801,34.58676813,150.77,187.50,1.47
113.67929648,34.58676797,150.77,188.40,1.47
113.67929492,34.58676780,150.77,189.38,1.47
113.67929341,34.58676760,150.77,190.39,1.47
113.67929188,34.58676737,150.77,191.46,1.47
113.67929039,34.58676713,150.77,192.61,1.47
113.67928888,34.58676687,150.77,193.75,1.47
113.67928595,34.58676626,150.77,196.14,1.47
113.67928450,34.58676593,150.77,197.43,1.47
113.67928310,34.58676557,150.77,198.71,1.47
113.67928174,34.58676517,150.77,199.98,1.47
113.67928037,34.58676477,150.77,201.34,1.47
113.67927906,34.58676435,150.77,202.72,1.47
113.67927773,34.58676390,150.77,204.08,1.47
113.67927642,34.58676344,150.77,205.46,1.44
113.67927396,34.58676243,150.77,208.30,1.44
113.67927273,34.58676190,150.77,209.70,1.42
113.67927153,34.58676136,150.77,211.12,1.42
113.67927039,34.58676080,150.77,212.54,1.39
113.67926926,34.58676022,150.77,213.99,1.39
113.67926820,34.58675962,150.77,215.46,1.39
113.67926715,34.58675901,150.77,216.87,1.36
113.67926610,34.58675839,150.77,218.27,1.33
113.67926413,34.58675709,150.77,221.11,1.33
113.67926228,34.58675573,150.77,223.85,1.33
113.67926051,34.58675434,150.77,226.58,1.28
113.67925888,34.58675291,150.78,229.21,1.25
113.67925736,34.58675144,150.78,231.78,1.25
113.67925591,34.58674993,150.78,234.28,1.22
113.67925454,34.58674836,150.78,236.75,1.22
113.67925325,34.58674673,150.78,239.18,1.19
113.67925205,34.58674505,150.78,241.57,1.19
113.67925094,34.58674331,150.78,243.99,1.19
113.67924989,34.58674149,150.78,246.36,1.19
113.67924889,34.58673963,150.79,248.70,1.22
113.67924795,34.58673774,150.79,251.01,1.22
113.67924718,34.58673584,150.79,253.20,1.22
113.67924650,34.58673396,150.79,255.34,1.19
113.67924591,34.58673206,150.79,257.33,1.17
113.67924539,34.58673015,150.79,259.27,1.17
113.67924496,34.58672818,150.79,261.09,1.17
113.67924475,34.58672718,150.79,261.91,1.17
113.67924458,34.58672615,150.79,262.70,1.17
113.67924442,34.58672511,150.79,263.46,1.17
113.67924426,34.58672407,150.79,264.19,1.19
113.67924414,34.58672300,150.79,264.89,1.19
113.67924390,34.58672081,150.78,266.23,1.22
113.67924380,34.58671969,150.78,266.83,1.25
113.67924371,34.58671856,150.78,267.37,1.25
113.67924365,34.58671741,150.78,267.87,1.25
113.67924359,34.58671624,150.78,268.32,1.28
113.67924353,34.58671507,150.78,268.68,1.28
113.67924352,34.58671390,150.78,268.97,1.28
113.67924347,34.58671273,150.79,269.29,1.28
113.67924346,34.58671156,150.79,269.57,1.28
113.67924344,34.58671040,150.79,269.73,1.28
113.67924344,34.58670923,150.80,269.86,1.28
113.67924341,34.58670806,150.80,270.00,1.28
113.67924340,34.58670688,150.80,270.01,1.28
113.67924340,34.58670570,150.80,269.97,1.28
113.67924341,34.58670451,150.80,269.99,1.28
113.67924341,34.58670332,150.80,270.00,1.28
113.67924343,34.58670213,150.81,269.93,1.28
113.67924342,34.58670093,150.81,269.89,1.28
113.67924341,34.58669974,150.81,269.88,1.28
113.67924340,34.58669854,150.81,269.82,1.28
113.67924340,34.58669734,150.81,269.76,1.28
113.67924339,34.58669612,150.81,269.74,1.28
113.67924337,34.58669490,150.81,269.70,1.31
113.67924338,34.58669368,150.81,269.64,1.31
113.67924336,34.58669244,150.81,269.60,1.31
113.67924335,34.58669121,150.81,269.56,1.31
113.67924333,34.58668996,150.81,269.50,1.33
113.67924332,34.58668871,150.81,269.45,1.33
113.67924331,34.58668746,150.81,269.41,1.33
113.67924328,34.58668492,150.81,269.31,1.33
113.67924325,34.58668363,150.81,269.28,1.36
113.67924322,34.58668234,150.81,269.24,1.39
113.67924320,34.58668105,150.81,269.18,1.39
113.67924318,34.58667975,150.81,269.13,1.39
113.67924316,34.58667844,150.81,269.09,1.39
113.67924314,34.58667713,150.81,269.06,1.42
113.67924311,34.58667580,150.81,269.01,1.42
113.67924308,34.58667448,150.81,268.95,1.42
113.67924305,34.58667313,150.81,268.93,1.42
113.67924304,34.58667179,150.81,268.90,1.44
113.67924300,34.58667043,150.81,268.87,1.44
113.67924296,34.58666906,150.81,268.85,1.44
113.67924292,34.58666769,150.81,268.82,1.47
113.67924289,34.58666633,150.81,268.80,1.47
113.67924286,34.58666496,150.81,268.80,1.47
113.67924282,34.58666357,150.81,268.79,1.47
113.67924279,34.58666221,150.81,268.77,1.47
113.67924275,34.58666083,150.81,268.76,1.47
113.67924267,34.58665806,150.81,268.73,1.47
113.67924262,34.58665665,150.81,268.71,1.47
113.67924258,34.58665524,150.81,268.69,1.50
113.67924255,34.58665386,150.81,268.67,1.50
113.67924251,34.58665245,150.81,268.64,1.50
113.67924248,34.58665108,150.81,268.62,1.50
113.67924245,34.58664972,150.81,268.61,1.50
113.67924241,34.58664834,150.81,268.59,1.50
113.67924237,34.58664699,150.81,268.58,1.47
113.67924229,34.58664430,150.80,268.56,1.47
113.67924224,34.58664295,150.80,268.54,1.47
113.67924219,34.58664160,150.80,268.51,1.47
113.67924217,34.58664030,150.80,268.49,1.47
113.67924214,34.58663901,150.80,268.49,1.44
113.67924209,34.58663770,150.80,268.47,1.42
113.67924206,34.58663644,150.80,268.45,1.42
113.67924201,34.58663517,150.80,268.44,1.39
113.67924197,34.58663395,150.80,268.42,1.33
113.67924193,34.58663274,150.80,268.40,1.33
113.67924190,34.58663158,150.80,268.40,1.31
113.67924185,34.58663042,150.80,268.39,1.25
113.67924180,34.58662929,150.80,268.36,1.25
113.67924177,34.58662822,150.80,268.35,1.19
113.67924173,34.58662715,150.80,268.35,1.17
113.67924169,34.58662614,150.80,268.32,1.14
113.67924163,34.58662420,150.80,268.32,1.06
113.67924158,34.58662239,150.80,268.28,1.00
113.67924151,34.58662073,150.80,268.30,0.92
113.67924146,34.58661929,150.80,268.24,0.78
113.67924142,34.58661814,150.80,268.26,0.64
113.67924139,34.58661702,150.80,268.24,0.42
