113.67948396,34.58657777,150.78,179.77,0.00
113.67948288,34.58657781,150.79,179.78,0.00
113.67947896,34.58657783,150.79,179.79,0.64
113.67947630,34.58657783,150.79,179.81,0.81
113.67947327,34.58657784,150.79,179.84,0.89
113.67947219,34.58657785,150.79,179.83,0.92
113.67946994,34.58657786,150.79,179.84,1.00
113.67946878,34.58657786,150.79,179.82,1.00
113.67946758,34.58657787,150.79,179.83,1.03
113.67946637,34.58657788,150.79,179.83,1.06
113.67946511,34.58657788,150.79,179.80,1.08
113.67946385,34.58657789,150.79,179.79,1.11
113.67945845,34.58657791,150.79,179.74,1.22
113.67945702,34.58657792,150.80,179.71,1.25
113.67945408,34.58657793,150.80,179.69,1.31
113.67945256,34.58657794,150.79,179.67,1.33
113.67945101,34.58657795,150.79,179.64,1.39
113.67944941,34.58657797,150.79,179.62,1.42
113.67943970,34.58657805,150.80,179.42,1.44
113.67943643,34.58657807,150.80,179.36,1.47
113.67943480,34.58657808,150.80,179.33,1.47
113.67943316,34.58657811,150.80,179.32,1.47
113.67943153,34.58657812,150.81,179.29,1.47
113.67942988,34.58657814,150.81,179.26,1.47
113.67942494,34.58657819,150.80,179.16,1.47
113.67942328,34.58657821,150.80,179.13,1.47
113.67942160,34.58657824,150.80,179.13,1.47
113.67941994,34.58657826,150.80,179.09,1.47
113.67941828,34.58657829,150.81,179.03,1.47
113.67941662,34.58657831,150.81,179.01,1.47
113.67941494,34.58657834,150.81,178.99,1.47
113.67941326,34.58657835,150.80,178.95,1.50
113.67940985,34.58657841,150.80,178.90,1.53
113.67940815,34.58657842,150.80,178.89,1.53
113.67940643,34.58657847,150.81,178.85,1.53
113.67940471,34.58657850,150.80,178.82,1.56
113.67940123,34.58657855,150.80,178.76,1.56
113.67939947,34.58657857,150.80,178.73,1.56
113.67939771,34.58657859,150.80,178.71,1.56
113.67938335,34.58657888,150.80,178.21,1.64
113.67938150,34.58657893,150.80,178.08,1.67
113.67937966,34.58657898,150.80,177.96,1.67
113.67937592,34.58657912,150.80,177.60,1.67
113.67937219,34.58657922,150.79,177.16,1.69
113.67936841,34.58657937,150.79,176.61,1.69
113.67936461,34.58657958,150.79,175.98,1.69
113.67936271,34.58657967,150.79,175.64,1.72
113.67935889,34.58657993,150.79,174.93,1.72
113.67935504,34.58658023,150.79,174.10,1.75
113.67934921,34.58658075,150.79,172.81,1.75
113.67934726,34.58658097,150.79,172.35,1.78
113.67934529,34.58658118,150.79,171.90,1.78
113.67934334,34.58658140,150.79,171.42,1.78
113.67933356,34.58658275,150.79,168.71,1.81
113.67932579,34.58658413,150.78,166.14,1.81
113.67932388,34.58658454,150.78,165.44,1.81
113.67932005,34.58658537,150.78,163.81,1.81
113.67931436,34.58658680,150.78,161.23,1.81
113.67931248,34.58658733,150.78,160.27,1.81
113.67931062,34.58658789,150.78,159.28,1.81
113.67930508,34.58658971,150.77,156.08,1.83
113.67930151,34.58659109,150.78,153.85,1.83
113.67929975,34.58659181,150.78,152.76,1.83
113.67929800,34.58659254,150.78,151.68,1.81
113.67929293,34.58659489,150.78,148.29,1.81
113.67929127,34.58659572,150.78,147.15,1.81
113.67928963,34.58659657,150.78,145.96,1.81
113.67928803,34.58659746,150.78,144.80,1.81
113.67927895,34.58660334,150.78,137.79,1.81
113.67927478,34.58660655,150.78,134.31,1.78
113.67927347,34.58660768,150.78,133.12,1.78
113.67926845,34.58661234,150.78,128.39,1.75
113.67926727,34.58661355,150.78,127.19,1.75
113.67926614,34.58661479,150.78,125.97,1.75
113.67926503,34.58661604,150.78,124.75,1.75
113.67926398,34.58661731,150.78,123.51,1.75
113.67926294,34.58661860,150.78,122.27,1.75
113.67926195,34.58661990,150.78,121.03,1.75
113.67925915,34.58662389,150.78,117.28,1.75
113.67925748,34.58662661,150.78,114.78,1.75
113.67925669,34.58662799,150.79,113.56,1.75
113.67925525,34.58663078,150.78,111.08,1.72
113.67925457,34.58663218,150.78,109.84,1.72
113.67925396,34.58663361,150.78,108.62,1.72
113.67925335,34.58663503,150.78,107.37,1.72
113.67925181,34.58663940,150.78,103.75,1.72
113.67925024,34.58664537,150.78,99.54,1.72
113.67924991,34.58664689,150.78,98.60,1.72
113.67924964,34.58664841,150.78,97.77,1.69
113.67924937,34.58664994,150.78,96.98,1.69
113.67924818,34.58666078,150.78,92.77,1.69
113.67924799,34.58666392,150.78,92.00,1.69
113.67924792,34.58666550,150.79,91.66,1.69
113.67924772,34.58667348,150.79,90.63,1.75
113.67924771,34.58667509,150.79,90.53,1.75
113.67924768,34.58667671,150.79,90.43,1.75
113.67924766,34.58667835,150.79,90.33,1.75
113.67924762,34.58668328,150.79,90.20,1.78
113.67924762,34.58668661,150.79,90.10,1.81
113.67924761,34.58669000,150.79,90.01,1.81
113.67924760,34.58669172,150.79,89.95,1.83
113.67924760,34.58669516,150.78,89.85,1.86
113.67924762,34.58669687,150.78,89.80,1.89
113.67924765,34.58670708,150.77,89.59,1.89
113.67924768,34.58670879,150.77,89.53,1.89
113.67924773,34.58671388,150.75,89.38,1.86
113.67924775,34.58671557,150.75,89.35,1.86
113.67924785,34.58672048,150.75,89.26,1.78
113.67924787,34.58672204,150.76,89.19,1.75
113.67924788,34.58672359,150.76,89.14,1.69
113.67924790,34.58672510,150.76,89.09,1.67
113.67924793,34.58672660,150.77,89.04,1.64
113.67924795,34.58672807,150.77,88.98,1.61
113.67924799,34.58672950,150.77,88.94,1.58
113.67924803,34.58673091,150.77,88.90,1.56
113.67924812,34.58673507,150.77,88.79,1.50
113.67924819,34.58673769,150.77,88.71,1.42
113.67924823,34.58673893,150.77,88.71,1.39
113.67924826,34.58674013,150.77,88.68,1.33
113.67924830,34.58674130,150.77,88.60,1.28
113.67924833,34.58674241,150.77,88.58,1.25
113.67924836,34.58674349,150.77,88.58,1.19
113.67924843,34.58674543,150.77,88.49,1.06
113.67924858,34.58674937,150.76,88.37,0.42
