113.67977398,34.58675801,150.83,174.62,0.00
113.67977272,34.58675802,150.85,174.61,0.22
113.67977113,34.58675814,150.86,174.62,0.47
113.67976976,34.58675825,150.86,174.65,0.58
113.67976813,34.58675838,150.86,174.67,0.69
113.67976629,34.58675852,150.86,174.70,0.81
113.67976427,34.58675867,150.86,174.76,0.89
113.67976321,34.58675876,150.86,174.78,0.92
113.67976209,34.58675885,150.85,174.83,0.97
113.67976096,34.58675893,150.85,174.89,1.00
113.67975976,34.58675902,150.85,174.93,1.03
113.67975857,34.58675911,150.85,174.99,1.06
113.67975732,34.58675921,150.85,175.05,1.11
113.67975608,34.58675930,150.85,175.10,1.11
113.67975477,34.58675939,150.85,175.19,1.14
113.67975344,34.58675949,150.85,175.28,1.17
113.67975212,34.58675958,150.85,175.35,1.17
113.67975078,34.58675967,150.85,175.42,1.19
113.67974939,34.58675977,150.85,175.53,1.22
113.67974804,34.58675986,150.85,175.63,1.25
113.67974662,34.58675995,150.85,175.70,1.25
113.67974524,34.58676004,150.85,175.79,1.25
113.67974379,34.58676013,150.85,175.88,1.28
113.67974237,34.58676021,150.84,175.96,1.28
113.67974089,34.58676029,150.84,176.05,1.28
113.67973940,34.58676039,150.84,176.14,1.31
113.67973793,34.58676047,150.84,176.19,1.33
113.67973646,34.58676055,150.84,176.23,1.33
113.67973493,34.58676063,150.84,176.30,1.33
113.67973343,34.58676071,150.84,176.33,1.33
113.67973189,34.58676079,150.84,176.35,1.33
113.67973039,34.58676088,150.84,176.39,1.36
113.67972884,34.58676097,150.84,176.41,1.36
113.67972733,34.58676105,150.84,176.39,1.36
113.67972577,34.58676113,150.83,176.42,1.39
113.67972420,34.58676121,150.83,176.45,1.39
113.67972267,34.58676129,150.83,176.43,1.39
113.67972113,34.58676137,150.83,176.42,1.39
113.67971955,34.58676146,150.83,176.46,1.42
113.67971801,34.58676154,150.83,176.46,1.42
113.67971641,34.58676162,150.82,176.46,1.42
113.67971485,34.58676170,150.82,176.48,1.42
113.67971324,34.58676179,150.82,176.48,1.42
113.67971166,34.58676187,150.82,176.47,1.47
113.67971004,34.58676195,150.82,176.47,1.47
113.67970841,34.58676203,150.82,176.47,1.47
113.67970681,34.58676212,150.82,176.47,1.47
113.67970520,34.58676220,150.81,176.48,1.47
113.67970356,34.58676228,150.81,176.50,1.47
113.67970194,34.58676237,150.81,176.49,1.47
113.67970029,34.58676245,150.81,176.49,1.47
113.67969868,34.58676254,150.81,176.51,1.47
113.67969702,34.58676262,150.81,176.51,1.47
113.67969540,34.58676271,150.81,176.49,1.47
113.67969375,34.58676280,150.81,176.52,1.47
113.67969209,34.58676289,150.81,176.53,1.47
113.67968884,34.58676305,150.81,176.53,1.47
113.67968718,34.58676314,150.81,176.54,1.47
113.67968554,34.58676322,150.81,176.52,1.47
113.67968388,34.58676330,150.81,176.53,1.47
113.67968224,34.58676338,150.81,176.55,1.47
113.67968057,34.58676346,150.81,176.56,1.47
113.67967891,34.58676355,150.81,176.56,1.47
113.67967721,34.58676363,150.81,176.57,1.47
113.67967550,34.58676372,150.81,176.61,1.50
113.67967382,34.58676380,150.81,176.60,1.53
113.67967214,34.58676389,150.81,176.61,1.53
113.67967043,34.58676397,150.81,176.64,1.53
113.67966875,34.58676406,150.80,176.66,1.53
113.67966703,34.58676415,150.80,176.66,1.53
113.67966535,34.58676423,150.81,176.67,1.53
113.67966365,34.58676431,150.80,176.69,1.53
113.67966197,34.58676439,150.80,176.70,1.53
113.67966027,34.58676447,150.80,176.71,1.53
113.67965856,34.58676456,150.80,176.75,1.53
113.67965689,34.58676465,150.80,176.75,1.53
113.67965522,34.58676472,150.80,176.73,1.53
113.67965352,34.58676479,150.80,176.77,1.53
113.67965184,34.58676487,150.80,176.79,1.53
113.67965013,34.58676495,150.79,176.78,1.53
113.67964845,34.58676502,150.79,176.80,1.53
113.67964673,34.58676511,150.79,176.83,1.53
113.67964505,34.58676518,150.79,176.82,1.53
113.67964334,34.58676526,150.79,176.84,1.53
113.67964164,34.58676535,150.79,176.87,1.53
113.67963997,34.58676542,150.79,176.87,1.53
113.67963830,34.58676549,150.79,176.87,1.53
113.67963661,34.58676557,150.79,176.90,1.53
113.67963495,34.58676565,150.79,176.92,1.53
113.67963327,34.58676572,150.79,176.93,1.53
113.67963162,34.58676580,150.79,176.95,1.53
113.67962994,34.58676588,150.79,176.96,1.50
113.67962830,34.58676595,150.79,176.96,1.50
113.67962662,34.58676603,150.79,176.97,1.50
113.67962495,34.58676610,150.79,176.99,1.50
113.67962331,34.58676617,150.79,177.00,1.50
113.67962167,34.58676624,150.79,177.01,1.50
113.67962001,34.58676632,150.79,177.03,1.50
113.67961838,34.58676639,150.79,177.04,1.47
113.67961673,34.58676647,150.79,177.04,1.47
113.67961510,34.58676654,150.79,177.06,1.47
113.67961345,34.58676661,150.79,177.08,1.47
113.67961183,34.58676668,150.79,177.10,1.47
113.67961020,34.58676675,150.79,177.11,1.47
113.67960856,34.58676683,150.79,177.11,1.47
113.67960695,34.58676689,150.79,177.13,1.47
113.67960534,34.58676696,150.79,177.15,1.47
113.67960371,34.58676703,150.79,177.15,1.47
113.67960211,34.58676709,150.79,177.18,1.47
113.67960049,34.58676716,150.79,177.20,1.47
113.67959890,34.58676722,150.78,177.20,1.47
113.67959729,34.58676729,150.78,177.22,1.47
113.67959570,34.58676736,150.78,177.24,1.47
113.67959408,34.58676742,150.78,177.23,1.47
113.67959247,34.58676749,150.78,177.24,1.47
113.67959089,34.58676756,150.78,177.28,1.47
113.67958931,34.58676762,150.78,177.29,1.47
113.67958770,34.58676768,150.78,177.29,1.47
113.67958613,34.58676773,150.78,177.32,1.44
113.67958453,34.58676780,150.78,177.33,1.44
113.67958296,34.58676786,150.78,177.33,1.44
113.67958136,34.58676793,150.78,177.36,1.44
113.67957980,34.58676799,150.78,177.37,1.44
113.67957820,34.58676805,150.78,177.38,1.44
113.67957659,34.58676812,150.78,177.40,1.44
113.67957502,34.58676817,150.78,177.40,1.44
113.67957345,34.58676823,150.78,177.40,1.44
113.67957186,34.58676829,150.78,177.42,1.44
113.67957030,34.58676835,150.78,177.44,1.42
113.67956870,34.58676841,150.78,177.44,1.42
113.67956715,34.58676848,150.77,177.45,1.42
113.67956556,34.58676854,150.77,177.48,1.42
113.67956401,34.58676860,150.77,177.49,1.42
113.67956244,34.58676865,150.77,177.49,1.42
113.67956085,34.58676871,150.77,177.50,1.42
113.67955930,34.58676876,150.77,177.51,1.42
113.67955775,34.58676882,150.77,177.53,1.42
113.67955618,34.58676888,150.77,177.54,1.42
113.67955463,34.58676894,150.77,177.55,1.42
113.67955305,34.58676900,150.77,177.56,1.42
113.67955150,34.58676905,150.77,177.57,1.42
113.67954992,34.58676911,150.77,177.58,1.42
113.67954837,34.58676916,150.77,177.58,1.42
113.67954679,34.58676922,150.77,177.59,1.42
113.67954368,34.58676932,150.77,177.62,1.42
113.67954213,34.58676937,150.77,177.64,1.42
113.67954057,34.58676943,150.77,177.64,1.42
113.67953904,34.58676947,150.77,177.65,1.42
113.67953748,34.58676953,150.77,177.66,1.39
113.67953595,34.58676957,150.77,177.67,1.39
113.67953440,34.58676963,150.77,177.68,1.39
113.67953288,34.58676968,150.77,177.68,1.39
113.67952977,34.58676978,150.76,177.71,1.39
113.67952824,34.58676983,150.76,177.72,1.39
113.67952671,34.58676988,150.76,177.71,1.39
113.67952514,34.58676994,150.76,177.73,1.39
113.67952361,34.58676999,150.76,177.76,1.39
113.67952205,34.58677005,150.76,177.75,1.39
113.67952052,34.58677011,150.76,177.76,1.39
113.67951897,34.58677017,150.76,177.79,1.39
113.67951745,34.58677021,150.76,177.79,1.39
113.67951590,34.58677026,150.76,177.80,1.39
113.67951435,34.58677030,150.76,177.80,1.39
113.67951283,34.58677035,150.76,177.80,1.39
113.67951131,34.58677039,150.76,177.82,1.36
113.67950977,34.58677044,150.76,177.84,1.36
113.67950827,34.58677049,150.76,177.84,1.36
113.67950674,34.58677054,150.76,177.85,1.36
113.67950525,34.58677060,150.76,177.87,1.36
113.67950373,34.58677064,150.76,177.86,1.36
113.67950224,34.58677068,150.76,177.86,1.36
113.67950071,34.58677074,150.76,177.89,1.36
113.67949918,34.58677079,150.76,177.89,1.36
113.67949768,34.58677084,150.76,177.89,1.36
113.67949618,34.58677089,150.76,177.92,1.36
113.67949464,34.58677094,150.76,177.94,1.36
113.67949315,34.58677098,150.76,177.93,1.36
113.67949161,34.58677103,150.76,177.95,1.36
113.67949012,34.58677108,150.76,177.96,1.36
113.67948858,34.58677112,150.76,177.95,1.36
113.67948709,34.58677116,150.76,177.97,1.36
113.67948556,34.58677121,150.76,177.98,1.36
113.67948402,34.58677125,150.76,177.98,1.36
113.67948254,34.58677129,150.76,177.99,1.36
113.67948105,34.58677134,150.76,178.01,1.36
113.67947954,34.58677138,150.76,178.00,1.33
113.67947807,34.58677143,150.76,178.00,1.33
113.67947655,34.58677148,150.76,178.02,1.33
113.67947508,34.58677151,150.76,178.02,1.33
113.67947355,34.58677156,150.76,178.03,1.33
113.67947207,34.58677160,150.76,178.05,1.33
113.67947055,34.58677165,150.76,178.05,1.33
113.67946903,34.58677169,150.76,178.05,1.33
113.67946755,34.58677174,150.76,178.06,1.33
113.67946607,34.58677178,150.76,178.06,1.33
113.67946455,34.58677182,150.76,178.07,1.33
113.67946307,34.58677186,150.76,178.07,1.33
113.67946155,34.58677190,150.76,178.07,1.33
113.67946009,34.58677194,150.76,178.07,1.33
113.67945857,34.58677198,150.76,178.08,1.33
113.67945711,34.58677202,150.76,178.07,1.33
113.67945561,34.58677206,150.76,178.07,1.33
113.67945413,34.58677211,150.76,178.09,1.33
113.67945268,34.58677215,150.76,178.09,1.33
113.67945124,34.58677219,150.76,178.09,1.33
113.67944975,34.58677224,150.76,178.11,1.33
113.67944831,34.58677229,150.76,178.11,1.33
113.67944682,34.58677233,150.75,178.09,1.33
113.67944537,34.58677236,150.75,178.10,1.33
113.67944387,34.58677240,150.75,178.11,1.33
113.67944241,34.58677244,150.75,178.09,1.33
113.67944091,34.58677249,150.75,178.10,1.33
113.67943941,34.58677254,150.75,178.12,1.33
113.67943795,34.58677257,150.75,178.10,1.33
113.67943649,34.58677261,150.75,178.10,1.33
113.67943499,34.58677266,150.75,178.12,1.33
113.67943353,34.58677269,150.75,178.10,1.33
113.67943204,34.58677273,150.75,178.10,1.33
113.67943061,34.58677277,150.75,178.12,1.33
113.67942912,34.58677281,150.75,178.11,1.33
113.67942769,34.58677285,150.76,178.11,1.33
113.67942621,34.58677290,150.76,178.13,1.33
113.67942474,34.58677294,150.76,178.12,1.33
113.67942333,34.58677298,150.76,178.12,1.31
113.67942192,34.58677302,150.76,178.14,1.31
113.67942045,34.58677306,150.76,178.13,1.31
113.67941901,34.58677310,150.76,178.13,1.31
113.67941753,34.58677314,150.76,178.14,1.31
113.67941610,34.58677317,150.76,178.15,1.31
113.67941462,34.58677321,150.76,178.15,1.31
113.67941318,34.58677325,150.76,178.16,1.31
113.67941169,34.58677330,150.75,178.15,1.31
113.67941021,34.58677333,150.75,178.13,1.31
113.67940878,34.58677337,150.76,178.16,1.31
113.67940734,34.58677341,150.76,178.16,1.31
113.67940586,34.58677345,150.76,178.14,1.31
113.67940442,34.58677349,150.76,178.16,1.31
113.67940293,34.58677353,150.75,178.17,1.31
113.67940149,34.58677356,150.75,178.14,1.31
113.67940000,34.58677360,150.75,178.14,1.31
113.67939856,34.58677364,150.75,178.16,1.31
113.67939707,34.58677367,150.75,178.14,1.31
113.67939559,34.58677371,150.76,178.14,1.31
113.67939415,34.58677376,150.76,178.15,1.31
113.67939269,34.58677380,150.76,178.14,1.31
113.67939119,34.58677384,150.75,178.12,1.33
113.67938972,34.58677387,150.75,178.13,1.33
113.67938822,34.58677391,150.75,178.12,1.33
113.67938677,34.58677395,150.75,178.12,1.33
113.67938528,34.58677400,150.75,178.14,1.33
113.67938384,34.58677404,150.75,178.13,1.33
113.67938088,34.58677412,150.75,178.13,1.33
113.67937945,34.58677415,150.75,178.14,1.33
113.67937802,34.58677419,150.75,178.12,1.33
113.67937653,34.58677423,150.75,178.11,1.33
113.67937509,34.58677428,150.75,178.13,1.33
113.67937360,34.58677432,150.75,178.13,1.33
113.67937214,34.58677435,150.75,178.12,1.33
113.67937065,34.58677440,150.75,178.12,1.33
113.67936920,34.58677444,150.75,178.12,1.33
113.67936770,34.58677448,150.75,178.12,1.33
113.67936620,34.58677453,150.75,178.13,1.33
113.67936473,34.58677457,150.75,178.12,1.33
113.67936325,34.58677461,150.75,178.09,1.33
113.67936174,34.58677466,150.75,178.12,1.33
113.67936026,34.58677470,150.75,178.13,1.33
113.67935876,34.58677474,150.75,178.10,1.33
113.67935729,34.58677478,150.75,178.11,1.33
113.67935580,34.58677483,150.75,178.13,1.33
113.67935434,34.58677486,150.76,178.12,1.33
113.67935285,34.58677490,150.76,178.10,1.33
113.67935135,34.58677495,150.76,178.12,1.33
113.67934989,34.58677499,150.76,178.12,1.33
113.67934842,34.58677502,150.75,178.10,1.33
113.67934691,34.58677507,150.75,178.12,1.33
113.67934542,34.58677511,150.75,178.12,1.33
113.67934390,34.58677515,150.75,178.10,1.33
113.67934242,34.58677520,150.75,178.10,1.33
113.67934091,34.58677524,150.75,178.11,1.33
113.67933943,34.58677528,150.75,178.09,1.33
113.67933792,34.58677532,150.75,178.09,1.33
113.67933640,34.58677537,150.75,178.12,1.33
113.67933491,34.58677541,150.75,178.11,1.33
113.67933343,34.58677545,150.75,178.10,1.33
113.67933191,34.58677550,150.75,178.11,1.33
113.67933043,34.58677554,150.75,178.11,1.33
113.67932891,34.58677558,150.75,178.08,1.33
113.67932741,34.58677562,150.75,178.10,1.33
113.67932589,34.58677566,150.75,178.12,1.33
113.67932440,34.58677570,150.75,178.10,1.33
113.67932133,34.58677579,150.75,178.11,1.36
113.67931982,34.58677582,150.75,178.11,1.36
113.67931831,34.58677586,150.75,178.09,1.36
113.67931676,34.58677592,150.75,178.10,1.36
113.67931524,34.58677597,150.75,178.11,1.36
113.67931368,34.58677601,150.75,178.08,1.36
113.67931217,34.58677605,150.75,178.09,1.36
113.67931062,34.58677609,150.75,178.12,1.36
113.67930910,34.58677613,150.75,178.11,1.36
113.67930755,34.58677618,150.75,178.11,1.36
113.67930601,34.58677623,150.75,178.12,1.36
113.67930449,34.58677627,150.75,178.11,1.36
113.67930298,34.58677631,150.75,178.09,1.36
113.67930143,34.58677636,150.75,178.12,1.36
113.67929991,34.58677640,150.75,178.12,1.39
113.67929835,34.58677644,150.75,178.09,1.39
113.67929681,34.58677649,150.75,178.10,1.39
113.67929525,34.58677654,150.75,178.11,1.39
113.67929371,34.58677658,150.75,178.09,1.39
113.67929057,34.58677666,150.75,178.09,1.39
113.67928902,34.58677671,150.75,178.13,1.39
113.67928747,34.58677675,150.75,178.10,1.39
113.67928589,34.58677679,150.75,178.08,1.42
113.67928432,34.58677684,150.75,178.10,1.42
113.67928273,34.58677688,150.75,178.09,1.42
113.67928117,34.58677691,150.75,178.08,1.42
113.67927958,34.58677696,150.74,178.10,1.42
113.67927801,34.58677701,150.75,178.09,1.42
113.67927641,34.58677706,150.75,178.07,1.42
113.67927481,34.58677711,150.75,178.08,1.42
113.67927324,34.58677715,150.75,178.09,1.42
113.67927166,34.58677719,150.75,178.06,1.42
113.67927007,34.58677724,150.75,178.07,1.42
113.67926849,34.58677729,150.74,178.09,1.42
113.67926688,34.58677733,150.74,178.09,1.42
113.67926531,34.58677737,150.74,178.09,1.42
113.67926372,34.58677742,150.74,178.09,1.42
113.67926216,34.58677746,150.74,178.08,1.42
113.67925900,34.58677755,150.74,178.08,1.42
113.67925742,34.58677759,150.74,178.09,1.42
113.67925584,34.58677763,150.74,178.07,1.42
113.67925424,34.58677768,150.74,178.06,1.42
113.67925265,34.58677772,150.74,178.09,1.42
113.67925105,34.58677777,150.74,178.08,1.42
113.67924946,34.58677781,150.74,178.05,1.42
113.67924785,34.58677786,150.74,178.06,1.42
113.67924625,34.58677791,150.74,178.09,1.42
113.67924463,34.58677796,150.74,178.07,1.44
113.67924302,34.58677800,150.74,178.06,1.44
113.67924143,34.58677804,150.74,178.08,1.44
113.67923983,34.58677806,150.74,178.07,1.44
113.67923822,34.58677810,150.74,178.05,1.44
113.67923664,34.58677814,150.74,178.07,1.44
113.67923504,34.58677819,150.74,178.07,1.44
113.67923346,34.58677823,150.74,178.05,1.44
113.67923187,34.58677828,150.74,178.05,1.42
113.67923030,34.58677832,150.74,178.05,1.42
113.67922871,34.58677837,150.74,178.05,1.42
113.67922711,34.58677841,150.74,178.05,1.42
113.67922553,34.58677845,150.74,178.06,1.42
113.67922394,34.58677850,150.74,178.05,1.42
113.67922235,34.58677855,150.74,178.05,1.42
113.67922076,34.58677859,150.74,178.05,1.42
113.67921915,34.58677864,150.74,178.07,1.42
113.67921756,34.58677868,150.74,178.07,1.42
113.67921597,34.58677872,150.74,178.04,1.42
113.67921439,34.58677876,150.74,178.04,1.42
113.67921279,34.58677881,150.74,178.04,1.42
113.67921119,34.58677885,150.74,178.03,1.42
113.67920960,34.58677889,150.74,178.04,1.42
113.67920801,34.58677893,150.74,178.04,1.42
113.67920640,34.58677899,150.74,178.03,1.42
113.67920481,34.58677903,150.74,178.03,1.42
113.67920321,34.58677908,150.74,178.02,1.44
113.67920162,34.58677912,150.74,178.03,1.44
113.67920002,34.58677916,150.74,178.03,1.44
113.67919843,34.58677920,150.74,178.03,1.44
113.67919683,34.58677926,150.74,178.04,1.44
113.67919524,34.58677931,150.74,178.04,1.44
113.67919367,34.58677935,150.74,178.03,1.42
113.67919209,34.58677939,150.74,178.03,1.42
113.67919050,34.58677944,150.74,178.04,1.42
113.67918892,34.58677948,150.74,178.02,1.42
113.67918578,34.58677958,150.74,178.05,1.42
113.67918419,34.58677961,150.74,178.05,1.42
113.67918263,34.58677965,150.74,178.03,1.42
113.67917945,34.58677976,150.73,178.05,1.42
113.67917788,34.58677980,150.73,178.02,1.42
113.67917630,34.58677985,150.74,178.04,1.42
113.67917470,34.58677989,150.73,178.05,1.42
113.67917313,34.58677993,150.73,178.02,1.42
113.67917154,34.58677997,150.73,178.02,1.42
113.67916997,34.58678002,150.74,178.05,1.42
113.67916838,34.58678007,150.74,178.05,1.42
113.67916681,34.58678012,150.74,178.02,1.42
113.67916523,34.58678017,150.74,178.02,1.42
113.67916365,34.58678022,150.74,178.05,1.42
113.67916210,34.58678026,150.74,178.03,1.42
113.67916054,34.58678031,150.74,178.03,1.42
113.67915897,34.58678036,150.74,178.04,1.42
113.67915743,34.58678039,150.74,178.02,1.42
113.67915587,34.58678043,150.74,178.01,1.39
113.67915434,34.58678048,150.74,178.03,1.39
113.67915278,34.58678053,150.74,178.02,1.39
113.67915125,34.58678058,150.74,178.01,1.39
113.67914969,34.58678063,150.74,178.04,1.39
113.67914812,34.58678068,150.74,178.03,1.39
113.67914659,34.58678071,150.74,178.00,1.39
113.67914505,34.58678075,150.74,178.02,1.39
113.67914348,34.58678080,150.74,178.02,1.39
113.67914194,34.58678085,150.74,178.00,1.39
113.67914037,34.58678090,150.74,178.02,1.39
113.67913883,34.58678094,150.74,178.03,1.39
113.67913726,34.58678099,150.74,178.02,1.39
113.67913572,34.58678104,150.74,178.03,1.39
113.67913416,34.58678109,150.74,178.02,1.39
113.67913260,34.58678114,150.74,178.01,1.39
113.67913107,34.58678118,150.74,178.01,1.39
113.67912955,34.58678123,150.74,178.01,1.39
113.67912800,34.58678128,150.74,178.01,1.39
113.67912648,34.58678132,150.74,178.01,1.39
113.67912491,34.58678136,150.74,178.00,1.39
113.67912339,34.58678140,150.74,178.00,1.39
113.67912182,34.58678146,150.74,178.00,1.39
113.67912028,34.58678150,150.74,177.98,1.39
113.67911870,34.58678154,150.74,177.96,1.39
113.67911712,34.58678158,150.74,177.98,1.39
113.67911557,34.58678163,150.74,177.99,1.39
113.67911402,34.58678168,150.74,177.94,1.39
113.67911245,34.58678173,150.74,177.94,1.39
113.67911091,34.58678177,150.74,177.96,1.39
113.67910934,34.58678181,150.74,177.95,1.39
113.67910780,34.58678185,150.74,177.93,1.39
113.67910623,34.58678191,150.74,177.94,1.39
113.67910313,34.58678199,150.74,177.93,1.39
113.67910157,34.58678204,150.74,177.95,1.39
113.67910004,34.58678208,150.74,177.94,1.39
113.67909852,34.58678213,150.74,177.91,1.39
113.67909697,34.58678218,150.73,177.91,1.39
113.67909546,34.58678222,150.73,177.92,1.39
113.67909391,34.58678227,150.73,177.91,1.39
113.67909238,34.58678230,150.73,177.90,1.39
113.67909082,34.58678236,150.73,177.90,1.39
113.67908928,34.58678240,150.73,177.89,1.39
113.67908771,34.58678245,150.73,177.89,1.39
113.67908614,34.58678250,150.73,177.89,1.39
113.67908461,34.58678254,150.73,177.89,1.39
113.67908308,34.58678258,150.73,177.89,1.39
113.67908151,34.58678263,150.73,177.88,1.39
113.67908000,34.58678268,150.73,177.88,1.39
113.67907844,34.58678273,150.73,177.87,1.39
113.67907692,34.58678277,150.73,177.86,1.39
113.67907536,34.58678282,150.73,177.86,1.39
113.67907383,34.58678286,150.74,177.85,1.39
113.67907227,34.58678292,150.74,177.84,1.39
113.67907072,34.58678297,150.74,177.85,1.39
113.67906921,34.58678301,150.74,177.84,1.39
113.67906770,34.58678306,150.74,177.84,1.39
113.67906616,34.58678311,150.74,177.83,1.39
113.67906465,34.58678315,150.74,177.82,1.39
113.67906312,34.58678321,150.74,177.83,1.39
113.67906161,34.58678325,150.74,177.83,1.39
113.67906008,34.58678331,150.74,177.81,1.39
113.67905857,34.58678335,150.74,177.81,1.39
113.67905703,34.58678340,150.74,177.82,1.39
113.67905550,34.58678344,150.74,177.80,1.39
113.67905399,34.58678348,150.74,177.80,1.39
113.67905248,34.58678353,150.74,177.80,1.39
113.67905095,34.58678358,150.74,177.78,1.39
113.67904944,34.58678362,150.74,177.79,1.39
113.67904791,34.58678366,150.74,177.81,1.39
113.67904641,34.58678370,150.74,177.83,1.39
113.67904488,34.58678376,150.74,177.83,1.39
113.67904338,34.58678380,150.74,177.84,1.39
113.67904185,34.58678384,150.74,177.85,1.36
113.67904033,34.58678389,150.74,177.89,1.36
113.67903884,34.58678392,150.74,177.94,1.36
113.67903735,34.58678396,150.74,177.99,1.36
113.67903584,34.58678401,150.74,178.06,1.36
113.67903434,34.58678405,150.74,178.15,1.36
113.67903282,34.58678410,150.74,178.24,1.33
113.67903132,34.58678413,150.74,178.35,1.33
113.67902981,34.58678417,150.75,178.48,1.33
113.67902832,34.58678420,150.75,178.63,1.33
113.67902680,34.58678424,150.75,178.79,1.33
113.67902529,34.58678427,150.75,178.95,1.33
113.67902379,34.58678429,150.75,179.10,1.33
113.67902229,34.58678431,150.75,179.26,1.33
113.67902079,34.58678433,150.75,179.45,1.33
113.67901929,34.58678433,150.75,179.64,1.33
113.67901779,34.58678434,150.75,179.85,1.33
113.67901631,34.58678435,150.75,180.10,1.33
113.67901481,34.58678436,150.75,180.39,1.33
113.67901333,34.58678434,150.75,180.68,1.33
113.67901184,34.58678432,150.75,181.00,1.33
113.67901035,34.58678431,150.75,181.35,1.33
113.67900888,34.58678428,150.75,181.70,1.33
113.67900742,34.58678425,150.75,182.12,1.33
113.67900594,34.58678421,150.75,182.55,1.33
113.67900448,34.58678416,150.75,182.97,1.33
113.67900300,34.58678410,150.75,183.41,1.33
113.67900154,34.58678404,150.75,183.89,1.33
113.67900005,34.58678397,150.75,184.36,1.33
113.67899859,34.58678388,150.75,184.88,1.33
113.67899711,34.58678378,150.75,185.41,1.33
113.67899563,34.58678366,150.75,185.94,1.33
113.67899418,34.58678354,150.75,186.52,1.33
113.67899273,34.58678341,150.75,187.14,1.33
113.67899127,34.58678327,150.75,187.74,1.33
113.67898985,34.58678310,150.75,188.40,1.33
113.67898842,34.58678294,150.75,189.13,1.33
113.67898703,34.58678276,150.75,189.85,1.33
113.67898561,34.58678256,150.75,190.57,1.33
113.67898423,34.58678235,150.75,191.37,1.33
113.67898283,34.58678212,150.75,192.16,1.33
113.67898143,34.58678187,150.75,192.89,1.33
113.67898006,34.58678162,150.75,193.67,1.33
113.67897870,34.58678135,150.74,194.49,1.33
113.67897732,34.58678107,150.74,195.28,1.33
113.67897598,34.58678077,150.74,196.04,1.33
113.67897462,34.58678045,150.74,196.89,1.33
113.67897329,34.58678011,150.74,197.74,1.33
113.67897195,34.58677975,150.74,198.56,1.33
113.67897064,34.58677938,150.74,199.43,1.33
113.67896802,34.58677862,150.74,201.20,1.33
113.67896675,34.58677820,150.74,202.05,1.33
113.67896549,34.58677778,150.74,202.94,1.33
113.67896422,34.58677734,150.74,203.85,1.33
113.67896298,34.58677689,150.74,204.71,1.31
113.67896173,34.58677642,150.74,205.59,1.31
113.67896052,34.58677595,150.74,206.51,1.31
113.67895929,34.58677546,150.74,207.42,1.31
113.67895810,34.58677495,150.74,208.28,1.31
113.67895690,34.58677443,150.74,209.16,1.28
113.67895572,34.58677390,150.74,210.06,1.28
113.67895460,34.58677335,150.74,210.92,1.28
113.67895347,34.58677278,150.74,211.80,1.28
113.67895233,34.58677222,150.74,212.69,1.28
113.67895123,34.58677163,150.74,213.55,1.28
113.67895011,34.58677103,150.74,214.41,1.28
113.67894904,34.58677043,150.74,215.30,1.28
113.67894796,34.58676981,150.74,216.17,1.28
113.67894692,34.58676917,150.74,217.00,1.25
113.67894587,34.58676852,150.74,217.87,1.25
113.67894482,34.58676787,150.74,218.76,1.25
113.67894283,34.58676652,150.74,220.47,1.25
113.67894182,34.58676582,150.74,221.34,1.25
113.67893987,34.58676440,150.74,223.08,1.25
113.67893798,34.58676294,150.74,224.80,1.25
113.67893615,34.58676143,150.74,226.52,1.25
113.67893436,34.58675987,150.74,228.24,1.25
113.67893265,34.58675827,150.75,229.95,1.25
113.67893098,34.58675663,150.75,231.65,1.25
113.67892937,34.58675495,150.75,233.38,1.25
113.67892784,34.58675322,150.75,235.09,1.25
113.67892637,34.58675147,150.75,236.81,1.25
113.67892496,34.58674969,150.75,238.52,1.25
113.67892362,34.58674786,150.75,240.21,1.25
113.67892234,34.58674600,150.75,241.94,1.25
113.67892113,34.58674410,150.75,243.67,1.25
113.67891998,34.58674216,150.75,245.40,1.25
113.67891888,34.58674018,150.75,247.16,1.25
113.67891787,34.58673817,150.75,248.89,1.25
113.67891738,34.58673716,150.75,249.79,1.25
113.67891691,34.58673613,150.75,250.67,1.25
113.67891648,34.58673510,150.75,251.51,1.25
113.67891604,34.58673407,150.75,252.40,1.25
113.67891562,34.58673304,150.75,253.29,1.25
113.67891525,34.58673200,150.75,254.14,1.25
113.67891488,34.58673095,150.75,254.97,1.25
113.67891452,34.58672988,150.75,255.77,1.25
113.67891420,34.58672882,150.75,256.53,1.25
113.67891387,34.58672774,150.75,257.27,1.25
113.67891357,34.58672665,150.75,257.99,1.25
113.67891326,34.58672556,150.75,258.66,1.25
113.67891300,34.58672446,150.75,259.30,1.25
113.67891273,34.58672334,150.75,259.92,1.25
113.67891224,34.58672110,150.75,261.05,1.25
113.67891203,34.58671997,150.75,261.55,1.25
113.67891181,34.58671883,150.75,262.03,1.25
113.67891162,34.58671768,150.75,262.46,1.25
113.67891142,34.58671652,150.75,262.82,1.28
113.67891124,34.58671535,150.75,263.15,1.28
113.67891104,34.58671417,150.75,263.43,1.28
113.67891087,34.58671299,150.75,263.66,1.28
113.67891070,34.58671180,150.75,263.86,1.28
113.67891053,34.58671060,150.75,264.01,1.28
113.67891039,34.58670940,150.75,264.15,1.31
113.67891024,34.58670820,150.75,264.26,1.31
113.67891008,34.58670699,150.75,264.31,1.31
113.67890995,34.58670578,150.75,264.36,1.31
113.67890979,34.58670455,150.75,264.42,1.31
113.67890965,34.58670334,150.75,264.45,1.33
113.67890950,34.58670210,150.75,264.44,1.33
113.67890936,34.58670088,150.75,264.42,1.33
113.67890921,34.58669964,150.75,264.43,1.33
113.67890905,34.58669839,150.75,264.42,1.33
113.67890892,34.58669716,150.75,264.42,1.33
113.67890877,34.58669592,150.75,264.40,1.33
113.67890861,34.58669466,150.75,264.39,1.33
113.67890847,34.58669341,150.75,264.41,1.33
113.67890831,34.58669214,150.75,264.45,1.33
113.67890817,34.58669088,150.75,264.50,1.36
113.67890800,34.58668960,150.75,264.57,1.39
113.67890786,34.58668833,150.75,264.67,1.39
113.67890770,34.58668703,150.75,264.77,1.39
113.67890755,34.58668573,150.75,264.89,1.39
113.67890741,34.58668445,150.75,265.05,1.39
113.67890728,34.58668316,150.75,265.23,1.39
113.67890714,34.58668186,150.75,265.43,1.39
113.67890702,34.58668057,150.75,265.68,1.42
113.67890688,34.58667925,150.75,265.92,1.42
113.67890677,34.58667796,150.75,266.16,1.42
113.67890665,34.58667664,150.75,266.42,1.42
113.67890656,34.58667534,150.75,266.72,1.42
113.67890647,34.58667401,150.74,267.02,1.42
113.67890637,34.58667268,150.74,267.36,1.42
113.67890629,34.58667138,150.74,267.78,1.44
113.67890623,34.58667007,150.74,268.23,1.44
113.67890617,34.58666874,150.74,268.73,1.44
113.67890613,34.58666743,150.74,269.27,1.44
113.67890610,34.58666610,150.74,269.87,1.47
113.67890611,34.58666479,150.74,270.51,1.47
113.67890612,34.58666346,150.74,271.17,1.47
113.67890616,34.58666215,150.74,271.86,1.47
113.67890619,34.58666082,150.74,272.61,1.47
113.67890624,34.58665949,150.74,273.43,1.47
113.67890634,34.58665820,150.74,274.30,1.47
113.67890647,34.58665691,150.74,275.21,1.47
113.67890661,34.58665559,150.74,276.13,1.47
113.67890679,34.58665431,150.74,277.05,1.47
113.67890696,34.58665299,150.74,277.97,1.47
113.67890718,34.58665173,150.74,278.92,1.47
113.67890742,34.58665044,150.74,279.93,1.47
113.67890771,34.58664920,150.74,280.97,1.47
113.67890800,34.58664792,150.74,282.02,1.47
113.67890829,34.58664664,150.74,283.14,1.47
113.67890862,34.58664543,150.74,284.25,1.47
113.67890899,34.58664424,150.74,285.46,1.47
113.67890939,34.58664303,150.74,286.75,1.47
113.67890983,34.58664186,150.74,287.99,1.47
113.67891029,34.58664066,150.74,289.23,1.47
113.67891075,34.58663952,150.74,290.53,1.47
113.67891125,34.58663835,150.74,291.81,1.47
113.67891179,34.58663724,150.74,293.08,1.47
113.67891236,34.58663610,150.74,294.35,1.47
113.67891295,34.58663498,150.74,295.59,1.47
113.67891358,34.58663392,150.74,296.86,1.47
113.67891422,34.58663288,150.74,298.13,1.47
113.67891490,34.58663181,150.74,299.33,1.44
113.67891560,34.58663080,150.74,300.55,1.42
113.67891632,34.58662977,150.74,301.80,1.42
113.67891784,34.58662780,150.74,304.21,1.42
113.67891942,34.58662588,150.74,306.68,1.42
113.67892110,34.58662406,150.73,309.09,1.39
113.67892287,34.58662229,150.73,311.49,1.39
113.67892470,34.58662057,150.73,313.96,1.39
113.67892664,34.58661893,150.73,316.29,1.39
113.67892863,34.58661737,150.73,318.68,1.36
113.67892966,34.58661661,150.73,319.85,1.36
113.67893069,34.58661590,150.73,321.04,1.36
113.67893174,34.58661522,150.73,322.22,1.36
113.67893282,34.58661452,150.73,323.38,1.33
113.67893389,34.58661388,150.73,324.55,1.33
113.67893498,34.58661321,150.73,325.73,1.33
113.67893607,34.58661261,150.73,326.88,1.33
113.67893718,34.58661200,150.73,327.99,1.33
113.67893829,34.58661143,150.73,329.15,1.33
113.67894057,34.58661029,150.73,331.43,1.33
113.67894171,34.58660979,150.73,332.58,1.33
113.67894286,34.58660930,150.73,333.74,1.33
113.67894404,34.58660881,150.73,334.86,1.33
113.67894521,34.58660835,150.72,336.01,1.33
113.67894641,34.58660789,150.72,337.15,1.33
113.67894760,34.58660748,150.72,338.27,1.33
113.67894882,34.58660705,150.72,339.43,1.33
113.67895002,34.58660667,150.72,340.56,1.31
113.67895125,34.58660629,150.72,341.67,1.31
113.67895249,34.58660593,150.72,342.79,1.31
113.67895371,34.58660562,150.72,343.91,1.31
113.67895495,34.58660534,150.73,345.02,1.31
113.67895620,34.58660504,150.73,346.13,1.28
113.67895744,34.58660480,150.73,347.22,1.28
113.67895869,34.58660454,150.73,348.31,1.28
113.67895993,34.58660433,150.72,349.41,1.28
113.67896119,34.58660411,150.73,350.44,1.28
113.67896244,34.58660394,150.73,351.43,1.25
113.67896371,34.58660377,150.73,352.40,1.25
113.67896498,34.58660361,150.73,353.32,1.25
113.67896626,34.58660350,150.72,354.15,1.25
113.67896754,34.58660339,150.72,354.96,1.25
113.67896884,34.58660328,150.72,355.75,1.25
113.67897013,34.58660320,150.72,356.48,1.25
113.67897146,34.58660312,150.72,357.14,1.25
113.67897278,34.58660308,150.72,357.79,1.25
113.67897413,34.58660301,150.72,358.39,1.25
113.67897548,34.58660299,150.72,358.89,1.25
113.67897686,34.58660295,150.72,359.33,1.25
113.67897825,34.58660291,150.72,359.76,1.25
113.67897964,34.58660290,150.72,0.14,1.25
113.67898104,34.58660292,150.72,0.46,1.25
113.67898247,34.58660291,150.72,0.78,1.28
113.67898389,34.58660294,150.72,1.08,1.28
113.67898533,34.58660296,150.72,1.29,1.28
113.67898676,34.58660300,150.72,1.45,1.28
113.67898821,34.58660301,150.72,1.59,1.28
113.67898965,34.58660306,150.72,1.68,1.28
113.67899110,34.58660308,150.72,1.70,1.28
113.67899256,34.58660311,150.72,1.75,1.28
113.67899402,34.58660315,150.72,1.76,1.28
113.67899547,34.58660320,150.73,1.73,1.31
113.67899693,34.58660324,150.73,1.73,1.31
113.67899838,34.58660328,150.73,1.72,1.31
113.67899985,34.58660331,150.73,1.69,1.31
113.67900131,34.58660336,150.73,1.67,1.31
113.67900278,34.58660338,150.73,1.66,1.31
113.67900425,34.58660343,150.73,1.63,1.31
113.67900574,34.58660345,150.73,1.60,1.33
113.67900724,34.58660348,150.73,1.60,1.33
113.67900874,34.58660352,150.72,1.56,1.33
113.67901024,34.58660356,150.72,1.53,1.33
113.67901176,34.58660359,150.72,1.51,1.33
113.67901327,34.58660363,150.72,1.46,1.33
113.67901480,34.58660366,150.72,1.41,1.33
113.67901631,34.58660369,150.73,1.31,1.33
113.67901785,34.58660371,150.73,1.19,1.33
113.67901937,34.58660373,150.73,1.06,1.36
113.67902092,34.58660375,150.73,0.89,1.36
113.67902247,34.58660376,150.73,0.66,1.36
113.67902400,34.58660378,150.73,0.41,1.36
113.67902553,34.58660379,150.73,0.17,1.36
113.67902709,34.58660379,150.73,359.92,1.39
113.67902863,34.58660379,150.73,359.75,1.39
113.67903019,34.58660377,150.73,359.65,1.39
113.67903173,34.58660377,150.73,359.55,1.39
113.67903330,34.58660376,150.73,359.50,1.39
113.67903485,34.58660376,150.73,359.50,1.39
113.67903642,34.58660374,150.73,359.50,1.39
113.67903801,34.58660373,150.73,359.50,1.39
113.67903957,34.58660372,150.73,359.49,1.39
113.67904114,34.58660372,150.73,359.48,1.42
113.67904275,34.58660370,150.73,359.48,1.42
113.67904433,34.58660370,150.73,359.48,1.42
113.67904594,34.58660368,150.73,359.47,1.42
113.67904754,34.58660368,150.73,359.46,1.44
113.67904917,34.58660366,150.73,359.42,1.44
113.67905078,34.58660366,150.73,359.37,1.44
113.67905242,34.58660364,150.73,359.29,1.44
113.67905569,34.58660362,150.73,359.02,1.47
113.67905730,34.58660360,150.73,358.87,1.47
113.67905894,34.58660356,150.73,358.70,1.47
113.67906055,34.58660354,150.73,358.53,1.47
113.67906219,34.58660349,150.73,358.37,1.47
113.67906378,34.58660346,150.73,358.23,1.47
113.67906541,34.58660342,150.73,358.13,1.47
113.67906700,34.58660338,150.73,358.08,1.47
113.67906863,34.58660333,150.73,358.03,1.47
113.67907027,34.58660328,150.73,358.00,1.47
113.67907186,34.58660324,150.72,357.99,1.47
113.67907347,34.58660321,150.72,357.97,1.47
113.67907512,34.58660315,150.72,357.94,1.47
113.67907673,34.58660311,150.72,357.92,1.47
113.67907838,34.58660305,150.72,357.89,1.47
113.67908001,34.58660302,150.72,357.87,1.47
113.67908167,34.58660297,150.72,357.86,1.47
113.67908331,34.58660292,150.72,357.85,1.47
113.67908498,34.58660286,150.72,357.83,1.47
113.67908665,34.58660280,150.72,357.79,1.47
113.67908827,34.58660276,150.72,357.77,1.47
113.67908990,34.58660272,150.73,357.75,1.47
113.67909156,34.58660267,150.73,357.72,1.47
113.67909318,34.58660262,150.73,357.70,1.47
113.67909484,34.58660256,150.73,357.68,1.47
113.67909645,34.58660250,150.73,357.66,1.47
113.67909811,34.58660244,150.73,357.63,1.47
113.67909972,34.58660239,150.73,357.61,1.47
113.67910303,34.58660227,150.73,357.58,1.47
113.67910464,34.58660222,150.73,357.56,1.47
113.67910625,34.58660216,150.73,357.54,1.47
113.67910791,34.58660210,150.73,357.53,1.47
113.67910953,34.58660206,150.73,357.50,1.47
113.67911119,34.58660199,150.73,357.48,1.47
113.67911280,34.58660194,150.73,357.46,1.47
113.67911446,34.58660188,150.73,357.43,1.47
113.67911608,34.58660182,150.73,357.42,1.47
113.67911773,34.58660176,150.73,357.40,1.47
113.67911938,34.58660170,150.73,357.37,1.47
113.67912099,34.58660164,150.73,357.37,1.47
113.67912259,34.58660159,150.73,357.36,1.47
113.67912424,34.58660152,150.73,357.33,1.47
113.67912584,34.58660146,150.73,357.32,1.47
113.67912748,34.58660139,150.73,357.31,1.47
113.67912908,34.58660133,150.73,357.29,1.47
113.67913072,34.58660125,150.73,357.28,1.47
113.67913233,34.58660118,150.73,357.25,1.47
113.67913397,34.58660111,150.73,357.20,1.47
113.67913562,34.58660105,150.73,357.19,1.47
113.67913722,34.58660099,150.73,357.19,1.47
113.67913882,34.58660093,150.73,357.15,1.47
113.67914046,34.58660085,150.73,357.12,1.47
113.67914206,34.58660079,150.73,357.12,1.47
113.67914369,34.58660071,150.73,357.10,1.47
113.67914528,34.58660066,150.73,357.08,1.47
113.67914691,34.58660058,150.73,357.05,1.47
113.67914849,34.58660053,150.73,357.04,1.47
113.67915011,34.58660045,150.73,357.03,1.47
113.67915174,34.58660038,150.73,357.00,1.47
113.67915331,34.58660032,150.73,356.98,1.47
113.67915489,34.58660025,150.73,356.97,1.47
113.67915651,34.58660018,150.73,356.94,1.47
113.67915808,34.58660011,150.73,356.93,1.47
113.67915969,34.58660003,150.74,356.91,1.44
113.67916125,34.58659997,150.73,356.88,1.44
113.67916286,34.58659989,150.73,356.86,1.44
113.67916444,34.58659982,150.73,356.85,1.44
113.67916606,34.58659975,150.73,356.83,1.44
113.67916768,34.58659967,150.73,356.80,1.44
113.67916926,34.58659960,150.73,356.78,1.44
113.67917083,34.58659953,150.74,356.77,1.44
113.67917245,34.58659946,150.74,356.75,1.44
113.67917402,34.58659939,150.73,356.73,1.44
113.67917563,34.58659931,150.73,356.72,1.44
113.67917720,34.58659923,150.73,356.70,1.44
113.67917881,34.58659915,150.73,356.67,1.44
113.67918037,34.58659909,150.73,356.65,1.44
113.67918359,34.58659893,150.73,356.62,1.42
113.67918515,34.58659886,150.73,356.59,1.42
113.67918671,34.58659878,150.73,356.56,1.42
113.67918831,34.58659870,150.73,356.55,1.42
113.67918987,34.58659862,150.73,356.54,1.42
113.67919148,34.58659854,150.73,356.52,1.42
113.67919305,34.58659847,150.73,356.50,1.42
113.67919465,34.58659838,150.73,356.48,1.42
113.67919783,34.58659822,150.73,356.45,1.42
113.67919944,34.58659813,150.73,356.44,1.42
113.67920102,34.58659805,150.73,356.41,1.42
113.67920259,34.58659798,150.73,356.39,1.42
113.67920419,34.58659789,150.74,356.37,1.42
113.67920576,34.58659781,150.74,356.33,1.42
113.67920736,34.58659772,150.74,356.32,1.42
113.67920892,34.58659765,150.74,356.31,1.42
113.67921051,34.58659757,150.74,356.26,1.42
113.67921205,34.58659749,150.74,356.26,1.42
113.67921363,34.58659740,150.74,356.25,1.42
113.67921520,34.58659732,150.74,356.22,1.42
113.67921673,34.58659725,150.74,356.20,1.42
113.67921826,34.58659718,150.74,356.19,1.39
113.67921984,34.58659708,150.74,356.17,1.39
113.67922139,34.58659700,150.74,356.14,1.39
113.67922297,34.58659690,150.74,356.13,1.42
113.67922453,34.58659682,150.74,356.11,1.42
113.67922611,34.58659673,150.74,356.06,1.42
113.67922766,34.58659665,150.74,356.06,1.42
113.67922924,34.58659655,150.74,356.05,1.42
113.67923082,34.58659646,150.74,356.03,1.42
113.67923235,34.58659637,150.74,356.00,1.42
113.67923390,34.58659629,150.74,355.97,1.42
113.67923547,34.58659621,150.74,355.95,1.42
113.67923701,34.58659612,150.74,355.96,1.39
113.67923857,34.58659602,150.74,355.93,1.39
113.67924009,34.58659593,150.74,355.90,1.39
113.67924165,34.58659583,150.74,355.91,1.39
113.67924317,34.58659575,150.74,355.87,1.39
113.67924472,34.58659566,150.74,355.84,1.39
113.67924628,34.58659556,150.74,355.85,1.39
113.67924779,34.58659547,150.74,355.84,1.39
113.67924931,34.58659539,150.74,355.80,1.39
113.67925088,34.58659529,150.74,355.80,1.39
113.67925240,34.58659521,150.74,355.78,1.39
113.67925396,34.58659512,150.74,355.75,1.39
113.67925547,34.58659503,150.74,355.74,1.39
113.67925702,34.58659493,150.74,355.73,1.39
113.67925854,34.58659485,150.74,355.72,1.39
113.67926009,34.58659474,150.74,355.71,1.39
113.67926164,34.58659464,150.74,355.68,1.39
113.67926315,34.58659456,150.74,355.66,1.39
113.67926466,34.58659447,150.74,355.65,1.39
113.67926620,34.58659438,150.74,355.65,1.39
113.67926772,34.58659428,150.74,355.62,1.39
113.67926928,34.58659418,150.74,355.61,1.39
113.67927079,34.58659409,150.74,355.60,1.39
113.67927237,34.58659398,150.74,355.58,1.39
113.67927390,34.58659390,150.74,355.55,1.39
113.67927549,34.58659380,150.74,355.54,1.39
113.67927709,34.58659369,150.74,355.53,1.39
113.67927864,34.58659361,150.74,355.50,1.42
113.67928019,34.58659352,150.74,355.48,1.42
113.67928178,34.58659342,150.74,355.48,1.42
113.67928332,34.58659332,150.74,355.46,1.42
113.67928489,34.58659321,150.75,355.43,1.42
113.67928642,34.58659311,150.74,355.42,1.42
113.67928798,34.58659301,150.74,355.42,1.39
113.67928950,34.58659291,150.75,355.39,1.39
113.67929106,34.58659281,150.74,355.37,1.39
113.67929263,34.58659269,150.74,355.39,1.39
113.67929567,34.58659252,150.75,355.32,1.39
113.67929724,34.58659241,150.74,355.33,1.39
113.67929876,34.58659231,150.74,355.33,1.39
113.67930033,34.58659221,150.74,355.29,1.39
113.67930186,34.58659211,150.74,355.28,1.39
113.67930344,34.58659200,150.74,355.29,1.39
113.67930498,34.58659190,150.73,355.27,1.42
113.67930657,34.58659179,150.73,355.25,1.42
113.67930968,34.58659158,150.73,355.25,1.42
113.67931122,34.58659147,150.74,355.25,1.42
113.67931280,34.58659136,150.74,355.24,1.39
113.67931434,34.58659126,150.74,355.23,1.39
113.67931590,34.58659114,150.74,355.24,1.39
113.67931742,34.58659104,150.74,355.23,1.39
113.67931899,34.58659094,150.74,355.20,1.39
113.67932051,34.58659083,150.74,355.20,1.39
113.67932208,34.58659071,150.74,355.19,1.39
113.67932365,34.58659060,150.74,355.15,1.39
113.67932517,34.58659049,150.74,355.15,1.39
113.67932668,34.58659038,150.74,355.15,1.39
113.67932822,34.58659028,150.74,355.12,1.39
113.67932973,34.58659018,150.74,355.12,1.36
113.67933126,34.58659007,150.74,355.14,1.36
113.67933276,34.58658996,150.74,355.13,1.36
113.67933429,34.58658984,150.75,355.11,1.36
113.67933578,34.58658973,150.75,355.11,1.36
113.67933732,34.58658963,150.75,355.12,1.36
113.67933886,34.58658952,150.75,355.10,1.36
113.67934036,34.58658941,150.75,355.09,1.36
113.67934186,34.58658931,150.75,355.09,1.36
113.67934340,34.58658920,150.75,355.07,1.36
113.67934491,34.58658909,150.75,355.06,1.36
113.67934645,34.58658898,150.75,355.07,1.36
113.67934797,34.58658888,150.75,355.07,1.36
113.67934951,34.58658877,150.75,355.07,1.36
113.67935102,34.58658866,150.75,355.08,1.39
113.67935256,34.58658854,150.75,355.10,1.39
113.67935410,34.58658842,150.75,355.09,1.39
113.67935559,34.58658832,150.75,355.05,1.39
113.67935707,34.58658822,150.75,355.06,1.36
113.67935858,34.58658811,150.75,355.08,1.36
113.67936007,34.58658802,150.75,355.07,1.36
113.67936159,34.58658791,150.75,355.07,1.36
113.67936309,34.58658780,150.75,355.06,1.36
113.67936461,34.58658770,150.75,355.05,1.36
113.67936612,34.58658759,150.75,355.05,1.36
113.67936764,34.58658748,150.75,355.05,1.36
113.67936917,34.58658737,150.75,355.04,1.36
113.67937067,34.58658727,150.75,355.05,1.36
113.67937217,34.58658716,150.75,355.06,1.36
113.67937370,34.58658705,150.75,355.04,1.36
113.67937520,34.58658694,150.75,355.02,1.36
113.67937673,34.58658683,150.75,355.03,1.36
113.67937823,34.58658673,150.75,355.03,1.36
113.67937975,34.58658662,150.75,355.02,1.36
113.67938125,34.58658651,150.75,355.04,1.36
113.67938277,34.58658639,150.75,355.04,1.36
113.67938429,34.58658627,150.75,355.03,1.36
113.67938578,34.58658616,150.75,355.02,1.36
113.67938727,34.58658607,150.76,355.02,1.36
113.67938878,34.58658597,150.76,355.02,1.36
113.67939026,34.58658586,150.75,355.01,1.36
113.67939177,34.58658575,150.75,354.99,1.36
113.67939327,34.58658565,150.75,355.00,1.36
113.67939480,34.58658553,150.75,355.00,1.36
113.67939630,34.58658543,150.75,354.99,1.36
113.67939782,34.58658531,150.75,354.98,1.36
113.67940084,34.58658510,150.76,354.99,1.36
113.67940233,34.58658500,150.76,354.99,1.36
113.67940385,34.58658489,150.76,354.98,1.36
113.67940535,34.58658479,150.76,354.98,1.36
113.67940687,34.58658468,150.76,354.98,1.36
113.67940837,34.58658458,150.76,354.98,1.36
113.67940990,34.58658447,150.76,354.98,1.36
113.67941141,34.58658436,150.76,354.98,1.36
113.67941295,34.58658424,150.76,354.98,1.36
113.67941449,34.58658413,150.76,354.97,1.36
113.67941600,34.58658402,150.76,354.95,1.36
113.67941752,34.58658391,150.76,354.96,1.36
113.67941906,34.58658380,150.76,354.97,1.36
113.67942059,34.58658370,150.76,354.95,1.36
113.67942215,34.58658358,150.76,354.96,1.39
113.67942368,34.58658347,150.75,354.98,1.39
113.67942523,34.58658335,150.76,354.96,1.39
113.67942674,34.58658324,150.76,354.95,1.39
113.67942828,34.58658313,150.76,354.97,1.39
113.67942981,34.58658302,150.76,354.98,1.39
113.67943133,34.58658292,150.76,354.96,1.39
113.67943285,34.58658282,150.76,354.94,1.39
113.67943439,34.58658270,150.76,354.96,1.39
113.67943591,34.58658260,150.76,354.96,1.39
113.67943746,34.58658250,150.76,354.93,1.39
113.67943900,34.58658240,150.76,354.94,1.39
113.67944058,34.58658227,150.76,354.95,1.42
113.67944216,34.58658216,150.75,354.94,1.42
113.67944377,34.58658203,150.75,354.94,1.44
113.67944539,34.58658191,150.76,354.96,1.44
113.67944702,34.58658181,150.76,354.95,1.47
113.67944867,34.58658170,150.75,354.94,1.47
113.67945035,34.58658158,150.75,354.96,1.50
113.67945203,34.58658146,150.75,354.95,1.50
113.67945374,34.58658133,150.76,354.94,1.53
113.67945545,34.58658121,150.76,354.94,1.53
113.67945719,34.58658109,150.76,354.93,1.56
113.67945893,34.58658098,150.76,354.94,1.56
113.67946070,34.58658084,150.76,354.94,1.58
113.67946250,34.58658070,150.76,354.93,1.61
113.67946430,34.58658057,150.76,354.93,1.61
113.67946611,34.58658044,150.76,354.93,1.64
113.67946796,34.58658030,150.76,354.93,1.67
113.67946982,34.58658017,150.76,354.94,1.67
113.67947172,34.58658002,150.76,354.94,1.69
113.67947363,34.58657989,150.76,354.93,1.72
113.67947558,34.58657975,150.76,354.94,1.75
113.67947753,34.58657960,150.76,354.94,1.78
113.67947953,34.58657946,150.77,354.91,1.78
113.67948154,34.58657931,150.76,354.92,1.81
113.67948355,34.58657916,150.76,354.92,1.83
113.67948559,34.58657902,150.76,354.90,1.83
113.67948767,34.58657887,150.76,354.92,1.86
113.67948974,34.58657871,150.76,354.94,1.89
113.67949186,34.58657855,150.76,354.92,1.92
113.67949398,34.58657839,150.76,354.93,1.92
113.67949614,34.58657823,150.76,354.93,1.94
113.67949829,34.58657807,150.76,354.94,1.94
113.67950049,34.58657790,150.76,354.93,1.97
113.67950270,34.58657774,150.76,354.92,1.97
113.67950490,34.58657758,150.76,354.91,1.97
113.67950711,34.58657742,150.76,354.91,2.03
113.67950937,34.58657726,150.76,354.90,2.03
113.67951161,34.58657709,150.76,354.90,2.03
113.67951389,34.58657692,150.76,354.91,2.03
113.67951615,34.58657676,150.77,354.90,2.06
113.67951846,34.58657659,150.76,354.90,2.08
113.67952074,34.58657641,150.77,354.90,2.11
113.67952308,34.58657624,150.77,354.90,2.11
113.67952543,34.58657606,150.77,354.90,2.11
113.67952775,34.58657589,150.77,354.90,2.11
113.67953008,34.58657571,150.77,354.89,2.14
113.67953247,34.58657553,150.77,354.88,2.14
113.67953484,34.58657536,150.77,354.90,2.14
113.67953725,34.58657518,150.77,354.90,2.17
113.67953964,34.58657501,150.77,354.89,2.17
113.67954207,34.58657483,150.77,354.88,2.19
113.67954449,34.58657466,150.77,354.91,2.22
113.67954695,34.58657447,150.77,354.90,2.22
113.67954942,34.58657429,150.77,354.88,2.25
113.67955187,34.58657411,150.78,354.88,2.25
113.67955433,34.58657393,150.78,354.88,2.25
113.67955682,34.58657375,150.78,354.87,2.25
113.67955930,34.58657356,150.78,354.89,2.25
113.67956182,34.58657337,150.78,354.89,2.25
113.67956431,34.58657319,150.78,354.87,2.25
113.67956684,34.58657300,150.78,354.89,2.28
113.67956935,34.58657281,150.78,354.89,2.28
113.67957190,34.58657262,150.78,354.86,2.31
113.67957445,34.58657243,150.78,354.85,2.31
113.67957698,34.58657225,150.79,354.87,2.31
113.67957951,34.58657207,150.79,354.87,2.31
113.67958208,34.58657188,150.79,354.88,2.33
113.67958461,34.58657168,150.79,354.91,2.33
113.67958719,34.58657149,150.79,354.91,2.33
113.67958976,34.58657130,150.79,354.93,2.33
113.67959235,34.58657110,150.79,354.96,2.33
113.67959492,34.58657091,150.79,354.95,2.36
113.67959753,34.58657072,150.80,354.96,2.36
113.67960272,34.58657035,150.80,355.00,2.36
113.67960530,34.58657016,150.80,355.00,2.36
113.67960792,34.58656997,150.81,355.02,2.36
113.67961051,34.58656978,150.81,355.04,2.36
113.67961314,34.58656959,150.81,355.06,2.39
113.67961576,34.58656941,150.81,355.08,2.39
113.67961841,34.58656921,150.81,355.09,2.39
113.67962103,34.58656903,150.81,355.12,2.42
113.67962368,34.58656884,150.82,355.14,2.42
113.67962634,34.58656865,150.82,355.17,2.42
113.67962898,34.58656848,150.82,355.22,2.42
113.67963165,34.58656832,150.82,355.25,2.42
113.67963431,34.58656813,150.82,355.28,2.42
113.67963698,34.58656797,150.82,355.33,2.42
113.67963963,34.58656778,150.82,355.35,2.42
113.67964227,34.58656762,150.82,355.38,2.39
113.67964490,34.58656745,150.82,355.41,2.36
113.67964750,34.58656729,150.82,355.45,2.36
113.67965008,34.58656711,150.82,355.49,2.33
113.67965264,34.58656694,150.82,355.53,2.31
113.67965514,34.58656679,150.83,355.57,2.25
113.67965760,34.58656664,150.83,355.60,2.22
113.67966003,34.58656649,150.83,355.61,2.19
113.67966239,34.58656636,150.83,355.65,2.17
113.67966472,34.58656621,150.83,355.69,2.11
113.67966699,34.58656609,150.83,355.70,2.08
113.67966924,34.58656596,150.83,355.72,2.03
113.67967141,34.58656585,150.83,355.77,2.00
113.67967357,34.58656571,150.83,355.82,1.94
113.67967570,34.58656557,150.83,355.83,1.92
113.67967776,34.58656547,150.83,355.84,1.89
113.67967977,34.58656536,150.83,355.90,1.86
113.67968179,34.58656523,150.83,355.92,1.83
113.67968375,34.58656512,150.83,355.94,1.81
113.67968570,34.58656500,150.83,355.97,1.78
113.67968758,34.58656491,150.83,355.98,1.75
113.67968946,34.58656480,150.83,356.00,1.69
113.67969128,34.58656472,150.83,356.03,1.67
113.67969310,34.58656461,150.83,356.05,1.67
113.67969489,34.58656451,150.83,356.06,1.61
113.67969663,34.58656442,150.83,356.10,1.61
113.67969833,34.58656433,150.83,356.13,1.58
113.67970005,34.58656424,150.83,356.14,1.56
113.67970171,34.58656416,150.82,356.17,1.53
113.67970338,34.58656406,150.82,356.20,1.50
113.67970500,34.58656397,150.82,356.23,1.47
113.67970663,34.58656388,150.83,356.25,1.47
113.67970821,34.58656379,150.83,356.27,1.47
113.67970981,34.58656370,150.83,356.30,1.44
113.67971139,34.58656362,150.83,356.31,1.42
113.67971291,34.58656354,150.83,356.33,1.39
113.67971440,34.58656347,150.83,356.36,1.39
113.67971592,34.58656339,150.83,356.37,1.33
113.67971737,34.58656332,150.83,356.39,1.33
113.67971883,34.58656325,150.83,356.42,1.33
113.67972022,34.58656319,150.83,356.45,1.31
113.67972164,34.58656311,150.83,356.47,1.28
113.67972298,34.58656305,150.83,356.48,1.25
113.67972436,34.58656298,150.83,356.50,1.25
113.67972571,34.58656291,150.84,356.52,1.19
113.67972699,34.58656286,150.84,356.54,1.19
113.67972826,34.58656280,150.84,356.57,1.17
113.67972955,34.58656273,150.84,356.60,1.17
113.67973078,34.58656268,150.84,356.62,1.14
113.67973324,34.58656257,150.84,356.73,1.11
113.67973447,34.58656251,150.84,356.77,1.08
113.67973565,34.58656246,150.84,356.84,1.08
113.67973687,34.58656241,150.84,356.93,1.11
113.67973810,34.58656235,150.84,357.03,1.11
113.67973931,34.58656231,150.84,357.15,1.11
113.67974052,34.58656225,150.84,357.33,1.11
113.67974177,34.58656219,150.84,357.56,1.11
113.67974301,34.58656216,150.84,357.81,1.11
113.67974427,34.58656212,150.84,358.10,1.11
113.67974550,34.58656209,150.84,358.47,1.11
113.67974677,34.58656205,150.84,358.89,1.11
113.67974801,34.58656204,150.84,359.35,1.11
113.67974930,34.58656202,150.84,359.85,1.14
113.67975059,34.58656201,150.84,0.35,1.14
113.67975186,34.58656202,150.84,0.81,1.14
113.67975312,34.58656204,150.85,1.32,1.14
113.67975441,34.58656205,150.85,1.91,1.17
113.67975566,34.58656209,150.85,2.49,1.17
113.67975694,34.58656213,150.85,3.09,1.17
113.67975817,34.58656218,150.85,3.76,1.17
113.67975944,34.58656224,150.85,4.45,1.17
113.67976067,34.58656232,150.85,5.14,1.17
113.67976192,34.58656240,150.85,5.88,1.17
113.67976318,34.58656248,150.85,6.66,1.17
113.67976437,34.58656260,150.85,7.45,1.17
113.67976557,34.58656273,150.85,8.27,1.17
113.67976680,34.58656287,150.85,9.13,1.17
113.67976798,34.58656303,150.85,10.00,1.17
113.67976920,34.58656320,150.85,10.87,1.17
113.67977037,34.58656339,150.85,11.74,1.17
113.67977158,34.58656358,150.86,12.59,1.17
113.67977274,34.58656380,150.86,13.46,1.17
113.67977394,34.58656402,150.86,14.36,1.17
113.67977512,34.58656425,150.86,15.29,1.17
113.67977625,34.58656451,150.86,16.22,1.17
113.67977738,34.58656478,150.86,17.18,1.17
113.67977854,34.58656506,150.86,18.16,1.17
113.67977964,34.58656537,150.86,19.14,1.17
113.67978078,34.58656567,150.86,20.12,1.17
113.67978186,34.58656600,150.86,21.12,1.17
113.67978298,34.58656633,150.86,22.12,1.17
113.67978403,34.58656670,150.86,23.14,1.17
113.67978512,34.58656706,150.86,24.15,1.17
113.67978619,34.58656744,150.86,25.15,1.17
113.67978722,34.58656785,150.86,26.15,1.17
113.67978824,34.58656827,150.86,27.15,1.17
113.67978929,34.58656869,150.86,28.15,1.17
113.67979131,34.58656961,150.86,30.14,1.17
113.67979328,34.58657058,150.86,32.11,1.14
113.67979519,34.58657160,150.86,34.08,1.14
113.67979706,34.58657267,150.86,36.04,1.14
113.67979891,34.58657380,150.86,38.03,1.14
113.67980072,34.58657498,150.87,40.01,1.14
113.67980250,34.58657623,150.87,42.03,1.14
113.67980423,34.58657754,150.87,44.04,1.14
113.67980591,34.58657889,150.87,46.05,1.14
113.67980753,34.58658029,150.87,48.08,1.14
113.67980907,34.58658174,150.87,50.09,1.14
113.67981056,34.58658323,150.87,52.11,1.14
113.67981200,34.58658476,150.87,54.14,1.14
113.67981336,34.58658634,150.87,56.15,1.17
113.67981468,34.58658796,150.88,58.21,1.17
113.67981593,34.58658964,150.88,60.25,1.17
113.67981712,34.58659136,150.88,62.32,1.17
113.67981824,34.58659313,150.88,64.41,1.17
113.67981929,34.58659497,150.88,66.49,1.19
113.67982027,34.58659683,150.88,68.63,1.19
113.67982118,34.58659874,150.88,70.72,1.19
113.67982200,34.58660067,150.88,72.88,1.19
113.67982272,34.58660264,150.88,74.99,1.19
113.67982338,34.58660461,150.89,77.16,1.22
113.67982393,34.58660660,150.89,79.27,1.22
113.67982439,34.58660860,150.89,81.31,1.22
113.67982457,34.58660962,150.89,82.16,1.19
113.67982477,34.58661065,150.89,82.91,1.19
113.67982493,34.58661170,150.89,83.61,1.19
113.67982510,34.58661276,150.89,84.26,1.19
113.67982536,34.58661492,150.89,85.42,1.19
113.67982545,34.58661602,150.89,85.83,1.19
113.67982556,34.58661713,150.89,86.11,1.22
113.67982564,34.58661827,150.88,86.38,1.22
113.67982576,34.58661941,150.88,86.66,1.25
113.67982583,34.58662057,150.88,86.84,1.25
113.67982591,34.58662174,150.88,86.90,1.28
113.67982596,34.58662292,150.88,86.97,1.28
113.67982606,34.58662409,150.89,87.04,1.28
113.67982614,34.58662527,150.89,87.03,1.28
113.67982620,34.58662645,150.89,87.01,1.28
113.67982626,34.58662762,150.89,87.03,1.28
113.67982634,34.58662878,150.89,87.02,1.28
113.67982639,34.58662992,150.89,87.01,1.25
113.67982647,34.58663104,150.89,87.03,1.22
113.67982652,34.58663213,150.89,87.01,1.19
113.67982659,34.58663317,150.89,86.99,1.14
113.67982669,34.58663509,150.89,87.00,1.03
113.67982679,34.58663672,150.89,86.99,0.86
113.67982686,34.58663802,150.89,86.99,0.69
113.67982693,34.58663937,150.89,86.98,0.44
