113.67972161,34.58676400,150.81,178.39,0.00
113.67972017,34.58676402,150.83,178.37,0.28
113.67971900,34.58676405,150.83,178.29,0.47
113.67971758,34.58676408,150.83,178.20,0.58
113.67971594,34.58676412,150.83,178.07,0.69
113.67971404,34.58676417,150.83,177.93,0.83
113.67971300,34.58676420,150.83,177.84,0.86
113.67971189,34.58676424,150.83,177.75,0.97
113.67971071,34.58676427,150.83,177.67,1.00
113.67970946,34.58676432,150.83,177.58,1.06
113.67970814,34.58676436,150.83,177.50,1.14
113.67970675,34.58676441,150.83,177.43,1.19
113.67970527,34.58676446,150.83,177.36,1.28
113.67970373,34.58676452,150.83,177.29,1.33
113.67970210,34.58676459,150.83,177.22,1.42
113.67970040,34.58676466,150.83,177.14,1.47
113.67969861,34.58676474,150.83,177.04,1.56
113.67969677,34.58676481,150.83,176.98,1.64
113.67969484,34.58676490,150.83,176.90,1.69
113.67969287,34.58676499,150.83,176.82,1.78
113.67969080,34.58676509,150.84,176.76,1.81
113.67968869,34.58676518,150.84,176.70,1.86
113.67968649,34.58676529,150.84,176.65,1.94
113.67968425,34.58676540,150.84,176.63,2.03
113.67968193,34.58676551,150.84,176.67,2.06
113.67967955,34.58676562,150.84,176.68,2.11
113.67967708,34.58676574,150.84,176.68,2.19
113.67967457,34.58676587,150.83,176.70,2.25
113.67967198,34.58676599,150.83,176.70,2.33
113.67966935,34.58676612,150.83,176.69,2.39
113.67966666,34.58676625,150.83,176.72,2.42
113.67966390,34.58676639,150.83,176.72,2.47
113.67965823,34.58676666,150.83,176.74,2.58
113.67965533,34.58676680,150.83,176.77,2.64
113.67965236,34.58676692,150.83,176.76,2.67
113.67964936,34.58676705,150.83,176.76,2.72
113.67964630,34.58676720,150.82,176.78,2.81
113.67964321,34.58676734,150.82,176.77,2.81
113.67964007,34.58676749,150.82,176.72,2.83
113.67963691,34.58676763,150.83,176.68,2.86
113.67963371,34.58676779,150.83,176.68,2.89
113.67963049,34.58676795,150.83,176.65,2.89
113.67962728,34.58676810,150.83,176.58,2.89
113.67962409,34.58676825,150.83,176.53,2.92
113.67962089,34.58676841,150.83,176.51,2.92
113.67961772,34.58676857,150.83,176.48,2.89
113.67961455,34.58676874,150.83,176.42,2.89
113.67961138,34.58676891,150.84,176.38,2.86
113.67960825,34.58676907,150.83,176.35,2.86
113.67960511,34.58676924,150.83,176.29,2.86
113.67960199,34.58676939,150.83,176.22,2.86
113.67959887,34.58676957,150.83,176.18,2.83
113.67959573,34.58676975,150.83,176.12,2.86
113.67959263,34.58676989,150.83,176.04,2.86
113.67958950,34.58677008,150.83,175.98,2.86
113.67958636,34.58677028,150.83,175.93,2.86
113.67958324,34.58677045,150.83,175.84,2.86
113.67958010,34.58677062,150.83,175.68,2.86
113.67957695,34.58677082,150.83,175.47,2.86
113.67957381,34.58677102,150.83,175.21,2.86
113.67957065,34.58677125,150.83,174.87,2.86
113.67956749,34.58677150,150.83,174.52,2.86
113.67956434,34.58677176,150.83,174.18,2.86
113.67956119,34.58677202,150.82,173.84,2.89
113.67955802,34.58677230,150.83,173.48,2.89
113.67955486,34.58677259,150.82,173.12,2.89
113.67955169,34.58677292,150.82,172.78,2.89
113.67954853,34.58677325,150.82,172.47,2.89
113.67954535,34.58677361,150.82,172.18,2.92
113.67954219,34.58677397,150.82,171.91,2.89
113.67953901,34.58677436,150.82,171.72,2.92
113.67953583,34.58677475,150.82,171.61,2.92
113.67953267,34.58677512,150.82,171.49,2.92
113.67952951,34.58677549,150.82,171.41,2.92
113.67952635,34.58677590,150.81,171.44,2.89
113.67952321,34.58677629,150.81,171.49,2.89
113.67952007,34.58677669,150.81,171.57,2.89
113.67951695,34.58677708,150.81,171.70,2.89
113.67951384,34.58677744,150.81,171.82,2.89
113.67951074,34.58677779,150.82,171.92,2.83
113.67950766,34.58677813,150.82,172.07,2.83
113.67950151,34.58677887,150.82,172.43,2.81
113.67949847,34.58677919,150.81,172.64,2.81
113.67949543,34.58677950,150.81,172.91,2.81
113.67949240,34.58677980,150.81,173.17,2.81
113.67948935,34.58678010,150.81,173.44,2.81
113.67948634,34.58678039,150.81,173.76,2.78
113.67948333,34.58678066,150.81,174.15,2.78
113.67948035,34.58678091,150.81,174.65,2.78
113.67947439,34.58678138,150.81,175.94,2.72
113.67947146,34.58678154,150.81,176.74,2.72
113.67946853,34.58678166,150.81,177.63,2.72
113.67946561,34.58678175,150.81,178.60,2.72
113.67946273,34.58678179,150.81,179.66,2.72
113.67945985,34.58678182,150.81,180.83,2.72
113.67945702,34.58678177,150.81,182.12,2.69
113.67945419,34.58678169,150.81,183.47,2.67
113.67945140,34.58678152,150.81,184.83,2.67
113.67944860,34.58678135,150.81,186.23,2.67
113.67944583,34.58678111,150.81,187.63,2.67
113.67944311,34.58678077,150.81,189.07,2.64
113.67944042,34.58678039,150.81,190.59,2.61
113.67943774,34.58677999,150.81,192.18,2.61
113.67943512,34.58677951,150.81,193.85,2.58
113.67943253,34.58677900,150.81,195.69,2.58
113.67943000,34.58677841,150.81,197.60,2.58
113.67942755,34.58677774,150.82,199.56,2.58
113.67942513,34.58677703,150.82,201.59,2.56
113.67942278,34.58677624,150.82,203.67,2.53
113.67942047,34.58677541,150.82,205.80,2.53
113.67941822,34.58677453,150.82,207.97,2.50
113.67941606,34.58677356,150.82,210.13,2.50
113.67941397,34.58677253,150.82,212.32,2.47
113.67941194,34.58677145,150.82,214.48,2.44
113.67940996,34.58677032,150.82,216.59,2.44
113.67940807,34.58676913,150.82,218.70,2.39
113.67940623,34.58676790,150.82,220.75,2.39
113.67940447,34.58676662,150.82,222.72,2.39
113.67940276,34.58676530,150.82,224.56,2.33
113.67940110,34.58676395,150.82,226.30,2.31
113.67939951,34.58676254,150.82,227.94,2.28
113.67939794,34.58676112,150.82,229.43,2.25
113.67939645,34.58675965,150.82,230.80,2.25
113.67939499,34.58675815,150.82,232.11,2.22
113.67939358,34.58675665,150.83,233.38,2.19
113.67939223,34.58675512,150.83,234.62,2.17
113.67939093,34.58675360,150.83,235.84,2.17
113.67938967,34.58675205,150.83,237.02,2.14
113.67938843,34.58675050,150.83,238.10,2.11
113.67938725,34.58674895,150.83,239.11,2.11
113.67938611,34.58674736,150.83,240.05,2.11
113.67938502,34.58674576,150.83,240.87,2.08
113.67938395,34.58674417,150.83,241.52,2.08
113.67938290,34.58674255,150.84,242.04,2.03
113.67938185,34.58674094,150.84,242.45,2.03
113.67938083,34.58673931,150.84,242.70,2.00
113.67937982,34.58673769,150.84,242.81,2.00
113.67937882,34.58673608,150.84,242.79,2.00
113.67937783,34.58673446,150.84,242.58,1.97
113.67937579,34.58673129,150.85,241.72,1.97
113.67937475,34.58672971,150.85,241.23,1.97
113.67937267,34.58672661,150.85,239.89,1.94
113.67937161,34.58672508,150.85,239.13,1.94
113.67937052,34.58672357,150.85,238.32,1.94
113.67936939,34.58672210,150.85,237.43,1.94
113.67936824,34.58672064,150.85,236.50,1.94
113.67936706,34.58671917,150.84,235.59,1.94
113.67936584,34.58671774,150.84,234.67,1.94
113.67936461,34.58671628,150.84,233.72,1.94
113.67936334,34.58671486,150.84,232.76,1.94
113.67936204,34.58671343,150.84,231.76,1.94
113.67936068,34.58671203,150.85,230.72,1.94
113.67935929,34.58671062,150.84,229.69,1.97
113.67935786,34.58670923,150.84,228.58,2.00
113.67935639,34.58670786,150.85,227.39,2.00
113.67935488,34.58670650,150.85,226.18,2.03
113.67935331,34.58670520,150.85,224.98,2.03
113.67935170,34.58670392,150.85,223.71,2.03
113.67935008,34.58670262,150.85,222.37,2.08
113.67934842,34.58670134,150.85,221.01,2.08
113.67934670,34.58670012,150.85,219.59,2.08
113.67934496,34.58669890,150.85,218.10,2.11
113.67934314,34.58669774,150.85,216.58,2.11
113.67934131,34.58669660,150.85,215.03,2.11
113.67933941,34.58669552,150.85,213.40,2.17
113.67933750,34.58669444,150.85,211.77,2.17
113.67933551,34.58669346,150.85,210.17,2.17
113.67933348,34.58669252,150.85,208.51,2.17
113.67933145,34.58669158,150.85,206.81,2.17
113.67932935,34.58669073,150.85,205.09,2.19
113.67932725,34.58668990,150.85,203.37,2.19
113.67932509,34.58668913,150.85,201.60,2.22
113.67932292,34.58668839,150.85,199.80,2.22
113.67932068,34.58668775,150.85,198.04,2.22
113.67931844,34.58668714,150.84,196.27,2.22
113.67931615,34.58668661,150.84,194.47,2.25
113.67931386,34.58668611,150.84,192.67,2.25
113.67931151,34.58668569,150.84,190.89,2.25
113.67930917,34.58668530,150.84,189.10,2.25
113.67930678,34.58668500,150.84,187.32,2.25
113.67930440,34.58668473,150.84,185.59,2.25
113.67930201,34.58668452,150.84,183.89,2.25
113.67929958,34.58668440,150.84,182.28,2.25
113.67929717,34.58668431,150.84,180.73,2.25
113.67929472,34.58668429,150.84,179.28,2.25
113.67929228,34.58668432,150.84,177.96,2.25
113.67928980,34.58668440,150.84,176.70,2.25
113.67928730,34.58668453,150.84,175.52,2.25
113.67928482,34.58668467,150.84,174.48,2.28
113.67928233,34.58668486,150.83,173.55,2.31
113.67927979,34.58668511,150.83,172.73,2.31
113.67927728,34.58668538,150.83,172.04,2.31
113.67927474,34.58668569,150.83,171.41,2.31
113.67927222,34.58668600,150.83,171.00,2.31
113.67926967,34.58668635,150.83,170.92,2.31
113.67926714,34.58668667,150.83,170.97,2.31
113.67926457,34.58668699,150.83,171.03,2.33
113.67926199,34.58668732,150.83,171.22,2.36
113.67925943,34.58668764,150.82,171.51,2.36
113.67925687,34.58668796,150.82,171.87,2.39
113.67925428,34.58668828,150.82,172.38,2.39
113.67925168,34.58668858,150.82,173.10,2.39
113.67924910,34.58668882,150.82,173.95,2.39
113.67924650,34.58668905,150.82,174.87,2.42
113.67924392,34.58668923,150.82,175.86,2.42
113.67924130,34.58668938,150.82,176.92,2.42
113.67923870,34.58668948,150.82,178.00,2.44
113.67923608,34.58668955,150.81,179.17,2.44
113.67923348,34.58668956,150.81,180.45,2.44
113.67923086,34.58668956,150.81,181.77,2.44
113.67922827,34.58668949,150.81,183.13,2.44
113.67922568,34.58668936,150.81,184.59,2.47
113.67922307,34.58668920,150.81,186.14,2.47
113.67921792,34.58668864,150.81,189.38,2.50
113.67921538,34.58668828,150.81,191.10,2.50
113.67921283,34.58668787,150.81,192.79,2.53
113.67921029,34.58668738,150.81,194.43,2.53
113.67920778,34.58668684,150.81,196.12,2.53
113.67920530,34.58668624,150.81,197.83,2.53
113.67920282,34.58668558,150.81,199.51,2.53
113.67920037,34.58668486,150.81,201.18,2.53
113.67919794,34.58668408,150.81,202.89,2.50
113.67919555,34.58668324,150.80,204.58,2.50
113.67919318,34.58668234,150.80,206.25,2.50
113.67919085,34.58668137,150.80,207.92,2.50
113.67918855,34.58668035,150.80,209.60,2.50
113.67918628,34.58667928,150.80,211.27,2.53
113.67918404,34.58667815,150.80,212.89,2.53
113.67918183,34.58667697,150.80,214.50,2.53
113.67917967,34.58667574,150.80,216.12,2.53
113.67917756,34.58667444,150.80,217.68,2.53
113.67917548,34.58667311,150.80,219.18,2.53
113.67917343,34.58667173,150.80,220.65,2.53
113.67917143,34.58667029,150.80,222.06,2.53
113.67916944,34.58666882,150.80,223.45,2.53
113.67916750,34.58666729,150.79,224.77,2.53
113.67916560,34.58666573,150.79,226.02,2.53
113.67916374,34.58666412,150.79,227.23,2.53
113.67916192,34.58666248,150.79,228.36,2.53
113.67916014,34.58666079,150.79,229.43,2.53
113.67915837,34.58665909,150.79,230.45,2.53
113.67915664,34.58665734,150.79,231.35,2.53
113.67915493,34.58665556,150.79,232.13,2.53
113.67915324,34.58665376,150.79,232.82,2.53
113.67915158,34.58665194,150.79,233.39,2.53
113.67914993,34.58665010,150.79,233.93,2.53
113.67914829,34.58664827,150.79,234.40,2.53
113.67914668,34.58664640,150.79,234.76,2.53
113.67914509,34.58664453,150.79,235.04,2.53
113.67914353,34.58664267,150.79,235.22,2.50
113.67914197,34.58664078,150.79,235.27,2.50
113.67914041,34.58663893,150.79,235.21,2.50
113.67913885,34.58663705,150.78,235.02,2.50
113.67913728,34.58663521,150.78,234.68,2.50
113.67913570,34.58663336,150.78,234.25,2.50
113.67913410,34.58663155,150.78,233.72,2.50
113.67913249,34.58662976,150.78,233.10,2.47
113.67913085,34.58662797,150.78,232.44,2.44
113.67912918,34.58662620,150.78,231.71,2.44
113.67912751,34.58662447,150.78,230.97,2.44
113.67912581,34.58662274,150.78,230.27,2.44
113.67912410,34.58662105,150.77,229.55,2.44
113.67912236,34.58661936,150.77,228.79,2.44
113.67912061,34.58661773,150.77,228.05,2.42
113.67911883,34.58661612,150.77,227.29,2.42
113.67911703,34.58661450,150.77,226.48,2.39
113.67911336,34.58661139,150.76,224.82,2.39
113.67911148,34.58660989,150.76,223.95,2.39
113.67910959,34.58660838,150.76,223.09,2.39
113.67910768,34.58660692,150.76,222.17,2.39
113.67910576,34.58660546,150.76,221.22,2.36
113.67910383,34.58660403,150.76,220.27,2.36
113.67910186,34.58660267,150.76,219.27,2.36
113.67909989,34.58660132,150.76,218.20,2.36
113.67909789,34.58660003,150.76,217.10,2.33
113.67909384,34.58659754,150.76,214.84,2.33
113.67909179,34.58659635,150.76,213.67,2.31
113.67908970,34.58659522,150.75,212.47,2.31
113.67908760,34.58659411,150.75,211.23,2.31
113.67908547,34.58659305,150.75,210.00,2.31
113.67908333,34.58659201,150.75,208.74,2.28
113.67908115,34.58659104,150.75,207.46,2.25
113.67907896,34.58659008,150.75,206.20,2.25
113.67907673,34.58658919,150.75,204.91,2.25
113.67907448,34.58658834,150.74,203.61,2.25
113.67907222,34.58658750,150.75,202.34,2.25
113.67906995,34.58658671,150.75,201.06,2.25
113.67906763,34.58658599,150.75,199.77,2.25
113.67906532,34.58658531,150.75,198.50,2.25
113.67906298,34.58658467,150.75,197.21,2.25
113.67906063,34.58658406,150.75,195.91,2.25
113.67905826,34.58658351,150.74,194.62,2.25
113.67905586,34.58658299,150.74,193.33,2.25
113.67905346,34.58658251,150.74,192.04,2.25
113.67905103,34.58658210,150.74,190.76,2.25
113.67904861,34.58658171,150.74,189.45,2.25
113.67904616,34.58658138,150.74,188.14,2.28
113.67904371,34.58658108,150.74,186.85,2.28
113.67904124,34.58658084,150.74,185.56,2.28
113.67903879,34.58658065,150.74,184.27,2.28
113.67903631,34.58658050,150.73,182.98,2.28
113.67903385,34.58658039,150.74,181.72,2.28
113.67903138,34.58658032,150.74,180.50,2.28
113.67902890,34.58658030,150.73,179.29,2.28
113.67902395,34.58658038,150.73,176.91,2.28
113.67902149,34.58658050,150.73,175.75,2.28
113.67901902,34.58658067,150.73,174.59,2.28
113.67901657,34.58658086,150.73,173.45,2.25
113.67901412,34.58658109,150.73,172.30,2.25
113.67901170,34.58658134,150.73,171.17,2.25
113.67900929,34.58658165,150.73,170.06,2.25
113.67900692,34.58658199,150.73,168.98,2.22
113.67900456,34.58658238,150.73,167.95,2.22
113.67899989,34.58658323,150.73,165.97,2.17
113.67899761,34.58658369,150.73,165.04,2.17
113.67899534,34.58658419,150.73,164.12,2.17
113.67899313,34.58658472,150.73,163.27,2.11
113.67899093,34.58658528,150.72,162.43,2.11
113.67898880,34.58658583,150.72,161.63,2.08
113.67898669,34.58658641,150.72,160.91,2.03
113.67898467,34.58658698,150.72,160.24,1.97
113.67898268,34.58658757,150.72,159.62,1.94
113.67898077,34.58658817,150.72,159.11,1.86
113.67897894,34.58658875,150.72,158.69,1.81
113.67897715,34.58658932,150.72,158.37,1.75
113.67897545,34.58658987,150.72,158.10,1.69
113.67897380,34.58659041,150.72,157.90,1.64
113.67897221,34.58659096,150.72,157.80,1.58
113.67897069,34.58659147,150.72,157.73,1.50
113.67896925,34.58659195,150.72,157.70,1.47
113.67896792,34.58659240,150.73,157.75,1.33
113.67896670,34.58659281,150.73,157.76,1.25
113.67896464,34.58659351,150.72,157.80,1.00
113.67896307,34.58659404,150.72,157.79,0.78
113.67896199,34.58659440,150.72,157.86,0.56
