113.67976405,34.58657388,150.88,358.58,0.00
113.67976519,34.58657396,150.85,358.86,0.00
113.67976662,34.58657394,150.85,359.63,0.44
113.67976779,34.58657392,150.86,0.43,0.50
113.67976900,34.58657392,150.86,1.40,0.56
113.67977022,34.58657393,150.86,2.59,0.58
113.67977154,34.58657398,150.86,3.94,0.64
113.67977297,34.58657405,150.86,5.61,0.72
113.67977446,34.58657414,150.86,7.38,0.78
113.67977603,34.58657430,150.86,9.35,0.83
113.67977765,34.58657452,150.86,11.39,0.86
113.67977934,34.58657478,150.86,13.52,0.89
113.67978193,34.58657530,150.86,16.80,0.92
113.67978366,34.58657572,150.87,19.01,0.97
113.67978540,34.58657622,150.87,21.28,0.97
113.67978717,34.58657678,150.87,23.52,1.00
113.67978894,34.58657741,150.86,25.77,1.00
113.67979073,34.58657813,150.86,28.00,1.00
113.67979252,34.58657890,150.87,30.22,1.03
113.67979424,34.58657974,150.87,32.31,1.03
113.67979586,34.58658058,150.87,34.29,1.00
113.67979738,34.58658142,150.87,36.12,0.94
113.67979879,34.58658228,150.87,37.80,0.89
113.67980016,34.58658314,150.87,39.44,0.86
113.67980155,34.58658408,150.87,40.99,0.86
113.67980296,34.58658508,150.87,42.58,0.89
113.67980438,34.58658615,150.87,44.16,0.92
113.67980579,34.58658729,150.87,45.75,0.97
113.67980722,34.58658850,150.87,47.33,0.97
113.67980864,34.58658978,150.87,48.92,1.00
113.67981079,34.58659184,150.87,51.26,1.06
113.67981222,34.58659329,150.87,52.78,1.06
113.67981362,34.58659484,150.87,54.23,1.11
113.67981502,34.58659645,150.87,55.65,1.11
113.67981642,34.58659811,150.88,57.03,1.14
113.67981777,34.58659982,150.88,58.39,1.14
113.67981908,34.58660156,150.88,59.75,1.17
113.67982033,34.58660338,150.88,61.11,1.17
113.67982153,34.58660519,150.88,62.48,1.17
113.67982266,34.58660699,150.88,63.75,1.14
113.67982371,34.58660877,150.88,64.96,1.14
113.67982470,34.58661051,150.88,66.11,1.11
113.67982561,34.58661225,150.88,67.22,1.08
113.67982647,34.58661395,150.89,68.25,1.03
113.67982728,34.58661561,150.89,69.24,1.00
113.67982803,34.58661726,150.88,70.22,1.00
113.67982878,34.58661895,150.88,71.19,1.00
113.67982951,34.58662074,150.88,72.16,1.00
113.67983023,34.58662257,150.88,73.16,1.06
113.67983093,34.58662445,150.88,74.18,1.08
113.67983160,34.58662637,150.88,75.21,1.11
113.67983224,34.58662831,150.89,76.31,1.11
113.67983283,34.58663031,150.89,77.40,1.11
113.67983339,34.58663232,150.89,78.58,1.14
113.67983366,34.58663333,150.89,79.16,1.14
113.67983391,34.58663436,150.89,79.74,1.14
113.67983415,34.58663538,150.89,80.33,1.14
113.67983436,34.58663641,150.89,80.92,1.14
113.67983477,34.58663839,150.89,82.12,1.14
113.67983494,34.58663940,150.89,82.69,1.14
113.67983525,34.58664135,150.89,83.84,1.11
113.67983551,34.58664326,150.89,84.90,1.11
113.67983574,34.58664514,150.89,85.90,1.06
113.67983591,34.58664699,150.89,86.75,1.03
113.67983605,34.58664882,150.89,87.31,1.00
113.67983617,34.58665061,150.89,87.63,0.97
113.67983628,34.58665321,150.89,87.76,0.92
113.67983635,34.58665478,150.89,87.77,0.86
113.67983643,34.58665618,150.89,87.74,0.75
113.67983646,34.58665741,150.89,87.73,0.67
113.67983651,34.58665846,150.89,87.71,0.56
113.67983657,34.58665962,150.89,87.70,0.42
113.67983649,34.58666082,150.89,87.69,0.06
113.67983654,34.58666203,150.89,87.70,0.42
113.67983660,34.58666311,150.89,87.76,0.56
113.67983666,34.58666435,150.89,87.90,0.64
113.67983672,34.58666576,150.89,88.12,0.72
113.67983680,34.58666731,150.89,88.49,0.83
113.67983686,34.58666897,150.89,89.03,0.86
113.67983689,34.58667074,150.89,89.73,0.97
113.67983689,34.58667260,150.89,90.59,1.00
113.67983684,34.58667455,150.89,91.57,1.06
113.67983676,34.58667654,150.89,92.73,1.11
113.67983670,34.58667756,150.89,93.34,1.11
113.67983663,34.58667858,150.89,93.97,1.14
113.67983655,34.58667962,150.89,94.64,1.14
113.67983646,34.58668066,150.89,95.31,1.17
113.67983635,34.58668171,150.89,95.97,1.17
113.67983622,34.58668276,150.89,96.67,1.19
113.67983592,34.58668489,150.89,98.06,1.19
113.67983574,34.58668596,150.89,98.76,1.22
113.67983555,34.58668705,150.89,99.49,1.22
113.67983535,34.58668814,150.89,100.22,1.25
113.67983512,34.58668922,150.89,100.94,1.25
113.67983489,34.58669032,150.89,101.68,1.25
113.67983462,34.58669141,150.89,102.46,1.25
113.67983434,34.58669251,150.89,103.24,1.25
113.67983403,34.58669361,150.89,104.00,1.25
113.67983371,34.58669470,150.89,104.79,1.28
113.67983337,34.58669580,150.89,105.59,1.28
113.67983301,34.58669689,150.89,106.41,1.28
113.67983263,34.58669800,150.89,107.22,1.31
113.67983223,34.58669910,150.89,108.04,1.31
113.67983181,34.58670020,150.89,108.88,1.31
113.67983138,34.58670130,150.89,109.72,1.33
113.67983092,34.58670239,150.89,110.55,1.33
113.67983039,34.58670348,150.89,111.42,1.33
113.67982989,34.58670456,150.89,112.31,1.33
113.67982933,34.58670563,150.89,113.19,1.33
113.67982878,34.58670671,150.89,114.09,1.33
113.67982820,34.58670778,150.89,114.99,1.33
113.67982758,34.58670886,150.89,115.90,1.33
113.67982695,34.58670993,150.89,116.82,1.33
113.67982630,34.58671099,150.89,117.76,1.36
113.67982562,34.58671206,150.89,118.64,1.36
113.67982493,34.58671311,150.89,119.51,1.36
113.67982422,34.58671417,150.89,120.45,1.36
113.67982350,34.58671521,150.89,121.37,1.39
113.67982275,34.58671625,150.89,122.26,1.39
113.67982197,34.58671727,150.89,123.15,1.39
113.67982118,34.58671828,150.89,124.08,1.39
113.67982037,34.58671930,150.88,125.02,1.39
113.67981954,34.58672031,150.88,125.96,1.39
113.67981779,34.58672227,150.88,127.85,1.39
113.67981600,34.58672419,150.88,129.79,1.39
113.67981316,34.58672698,150.88,132.70,1.42
113.67981215,34.58672788,150.87,133.65,1.42
113.67981012,34.58672967,150.87,135.64,1.42
113.67980907,34.58673053,150.87,136.63,1.42
113.67980800,34.58673138,150.87,137.64,1.42
113.67980692,34.58673221,150.87,138.66,1.42
113.67980583,34.58673302,150.87,139.67,1.42
113.67980472,34.58673381,150.87,140.70,1.42
113.67980359,34.58673460,150.87,141.73,1.42
113.67980243,34.58673536,150.87,142.76,1.42
113.67980125,34.58673610,150.87,143.81,1.42
113.67980007,34.58673683,150.87,144.88,1.42
113.67979887,34.58673755,150.87,145.96,1.42
113.67979765,34.58673823,150.87,147.05,1.42
113.67979641,34.58673890,150.86,148.17,1.42
113.67979517,34.58673954,150.87,149.31,1.42
113.67979390,34.58674017,150.86,150.44,1.42
113.67979263,34.58674079,150.86,151.57,1.42
113.67979133,34.58674138,150.86,152.70,1.42
113.67979003,34.58674193,150.86,153.84,1.42
113.67978872,34.58674247,150.86,154.98,1.42
113.67978738,34.58674299,150.86,156.10,1.42
113.67978603,34.58674349,150.86,157.22,1.42
113.67978469,34.58674398,150.86,158.37,1.42
113.67978330,34.58674443,150.87,159.47,1.42
113.67978192,34.58674486,150.86,160.57,1.42
113.67978052,34.58674527,150.86,161.72,1.42
113.67977912,34.58674567,150.86,162.80,1.44
113.67977768,34.58674603,150.86,163.80,1.44
113.67977625,34.58674638,150.86,164.84,1.44
113.67977482,34.58674672,150.86,165.89,1.44
113.67977334,34.58674702,150.86,166.85,1.44
113.67977037,34.58674760,150.86,168.68,1.44
113.67976885,34.58674785,150.86,169.53,1.44
113.67976577,34.58674830,150.86,171.10,1.44
113.67976422,34.58674851,150.86,171.83,1.44
113.67976105,34.58674888,150.85,173.05,1.47
113.67975946,34.58674903,150.85,173.49,1.47
113.67975783,34.58674918,150.85,173.79,1.47
113.67975619,34.58674933,150.85,174.01,1.47
113.67975456,34.58674948,150.85,174.18,1.47
113.67975290,34.58674962,150.85,174.30,1.47
113.67975124,34.58674976,150.85,174.35,1.47
113.67974959,34.58674989,150.85,174.37,1.47
113.67974793,34.58675004,150.85,174.43,1.47
113.67974460,34.58675031,150.84,174.55,1.50
113.67974291,34.58675045,150.84,174.66,1.53
113.67974121,34.58675058,150.84,174.80,1.53
113.67973951,34.58675070,150.84,174.92,1.53
113.67973780,34.58675082,150.84,175.02,1.53
113.67973607,34.58675094,150.84,175.10,1.56
113.67973434,34.58675107,150.83,175.15,1.56
113.67973259,34.58675119,150.83,175.14,1.56
113.67973085,34.58675131,150.83,175.14,1.56
113.67972910,34.58675143,150.83,175.16,1.56
113.67972737,34.58675156,150.83,175.17,1.56
113.67972563,34.58675169,150.83,175.17,1.56
113.67972388,34.58675181,150.83,175.15,1.56
113.67972214,34.58675193,150.83,175.16,1.56
113.67972041,34.58675206,150.83,175.17,1.56
113.67971868,34.58675218,150.82,175.16,1.56
113.67971698,34.58675230,150.82,175.14,1.56
113.67971532,34.58675241,150.82,175.13,1.53
113.67971374,34.58675253,150.82,175.14,1.44
113.67971226,34.58675263,150.82,175.13,1.33
113.67971095,34.58675271,150.82,175.10,1.25
113.67970981,34.58675279,150.81,175.11,1.06
113.67970806,34.58675292,150.81,175.10,0.78
113.67970704,34.58675300,150.81,175.11,0.50
113.67970585,34.58675303,150.80,175.13,0.00
113.67970437,34.58675314,150.80,175.12,0.42
113.67970306,34.58675322,150.80,175.15,0.56
113.67970155,34.58675333,150.80,175.17,0.64
113.67969986,34.58675345,150.80,175.19,0.72
113.67969802,34.58675358,150.80,175.22,0.78
113.67969604,34.58675373,150.80,175.26,0.86
113.67969500,34.58675380,150.80,175.28,0.89
113.67969393,34.58675387,150.80,175.30,0.92
113.67969283,34.58675395,150.80,175.32,0.97
113.67969171,34.58675402,150.80,175.33,0.97
113.67969055,34.58675410,150.80,175.34,1.00
113.67968938,34.58675418,150.81,175.38,1.00
113.67968818,34.58675426,150.81,175.41,1.03
113.67968696,34.58675434,150.81,175.42,1.08
113.67968571,34.58675442,150.81,175.43,1.08
113.67968444,34.58675450,150.81,175.46,1.11
113.67968315,34.58675458,150.81,175.49,1.14
113.67968184,34.58675466,150.81,175.53,1.14
113.67968052,34.58675475,150.81,175.57,1.17
113.67967918,34.58675484,150.81,175.61,1.17
113.67967781,34.58675493,150.81,175.65,1.19
113.67967642,34.58675502,150.81,175.70,1.19
113.67967503,34.58675510,150.81,175.73,1.25
113.67967363,34.58675519,150.81,175.78,1.25
113.67967222,34.58675528,150.81,175.84,1.25
113.67967082,34.58675537,150.81,175.90,1.25
113.67966940,34.58675545,150.81,175.92,1.25
113.67966797,34.58675553,150.81,175.97,1.28
113.67966654,34.58675562,150.81,176.04,1.28
113.67966366,34.58675578,150.81,176.11,1.28
113.67966221,34.58675587,150.81,176.17,1.28
113.67966074,34.58675594,150.80,176.21,1.31
113.67965925,34.58675602,150.80,176.26,1.33
113.67965775,34.58675611,150.80,176.32,1.33
113.67965623,34.58675618,150.80,176.36,1.36
113.67965468,34.58675626,150.80,176.41,1.36
113.67965312,34.58675634,150.80,176.47,1.39
113.67965154,34.58675642,150.80,176.51,1.42
113.67964992,34.58675650,150.79,176.57,1.44
113.67964829,34.58675659,150.79,176.63,1.47
113.67964663,34.58675667,150.79,176.68,1.47
113.67964496,34.58675674,150.79,176.73,1.47
113.67964328,34.58675681,150.79,176.79,1.47
113.67964158,34.58675690,150.79,176.84,1.50
113.67963814,34.58675706,150.79,176.95,1.53
113.67963640,34.58675713,150.79,177.01,1.56
113.67963465,34.58675721,150.80,177.08,1.56
113.67963289,34.58675728,150.80,177.14,1.56
113.67963112,34.58675736,150.80,177.20,1.58
113.67962933,34.58675744,150.80,177.25,1.61
113.67962753,34.58675751,150.80,177.31,1.61
113.67962572,34.58675758,150.80,177.37,1.61
113.67962391,34.58675765,150.80,177.43,1.61
113.67962208,34.58675772,150.80,177.49,1.64
113.67962025,34.58675779,150.80,177.54,1.64
113.67961840,34.58675784,150.80,177.60,1.64
113.67961655,34.58675790,150.80,177.63,1.67
113.67961281,34.58675804,150.80,177.75,1.67
113.67961092,34.58675811,150.80,177.79,1.69
113.67960903,34.58675816,150.80,177.83,1.69
113.67960713,34.58675821,150.80,177.86,1.69
113.67960522,34.58675827,150.80,177.90,1.69
113.67960330,34.58675832,150.80,177.92,1.72
113.67960138,34.58675839,150.80,177.94,1.72
113.67959944,34.58675845,150.80,177.95,1.75
113.67959750,34.58675851,150.80,177.95,1.75
113.67959554,34.58675856,150.80,177.96,1.75
113.67959358,34.58675862,150.80,177.96,1.78
113.67959162,34.58675868,150.80,177.95,1.78
113.67958964,34.58675873,150.80,177.96,1.78
113.67958766,34.58675879,150.80,177.98,1.78
113.67958568,34.58675885,150.80,177.99,1.81
113.67958368,34.58675890,150.80,177.99,1.81
113.67958169,34.58675897,150.80,177.99,1.81
113.67957969,34.58675902,150.80,177.99,1.81
113.67957768,34.58675908,150.80,178.00,1.81
113.67957566,34.58675913,150.80,177.99,1.81
113.67957364,34.58675919,150.80,177.99,1.83
113.67957162,34.58675925,150.80,178.00,1.83
113.67956757,34.58675936,150.80,177.99,1.83
113.67956354,34.58675948,150.80,178.02,1.83
113.67956155,34.58675954,150.80,178.02,1.81
113.67955755,34.58675964,150.80,178.03,1.81
113.67955357,34.58675975,150.80,178.02,1.81
113.67955159,34.58675981,150.80,178.03,1.81
113.67954960,34.58675986,150.79,178.04,1.81
113.67954761,34.58675991,150.79,178.03,1.81
113.67954564,34.58675997,150.79,178.02,1.81
113.67954366,34.58676001,150.79,178.03,1.81
113.67954171,34.58676007,150.79,178.05,1.81
113.67953975,34.58676013,150.79,178.06,1.81
113.67953781,34.58676019,150.79,178.06,1.78
113.67953587,34.58676024,150.79,178.07,1.78
113.67953394,34.58676030,150.79,178.10,1.75
113.67953201,34.58676036,150.79,178.10,1.75
113.67952814,34.58676043,150.79,178.13,1.75
113.67952622,34.58676049,150.79,178.15,1.75
113.67952429,34.58676054,150.79,178.14,1.75
113.67952237,34.58676060,150.79,178.16,1.75
113.67952044,34.58676064,150.79,178.19,1.75
113.67951853,34.58676069,150.79,178.20,1.75
113.67951662,34.58676073,150.79,178.21,1.75
113.67951472,34.58676078,150.79,178.23,1.75
113.67951282,34.58676083,150.79,178.25,1.75
113.67951091,34.58676088,150.79,178.26,1.69
113.67950901,34.58676092,150.79,178.26,1.69
113.67950713,34.58676097,150.79,178.26,1.69
113.67950524,34.58676101,150.79,178.26,1.69
113.67950336,34.58676105,150.79,178.27,1.69
113.67950147,34.58676108,150.79,178.27,1.69
113.67949960,34.58676114,150.79,178.26,1.69
113.67949585,34.58676125,150.79,178.29,1.69
113.67949398,34.58676130,150.79,178.28,1.69
113.67949022,34.58676137,150.79,178.29,1.69
113.67948836,34.58676142,150.79,178.29,1.69
113.67948650,34.58676146,150.79,178.28,1.67
113.67948466,34.58676152,150.79,178.29,1.67
113.67948281,34.58676155,150.79,178.28,1.67
113.67948097,34.58676159,150.79,178.26,1.67
113.67947914,34.58676162,150.79,178.28,1.67
113.67947731,34.58676167,150.79,178.28,1.67
113.67947548,34.58676172,150.79,178.25,1.67
113.67947366,34.58676177,150.78,178.27,1.67
113.67947184,34.58676181,150.79,178.30,1.67
113.67947003,34.58676186,150.79,178.28,1.64
113.67946822,34.58676190,150.79,178.28,1.64
113.67946642,34.58676195,150.79,178.29,1.64
113.67946281,34.58676204,150.78,178.31,1.64
113.67946101,34.58676208,150.78,178.30,1.64
113.67945922,34.58676212,150.78,178.30,1.64
113.67945744,34.58676217,150.78,178.31,1.61
113.67945566,34.58676220,150.78,178.29,1.61
113.67945388,34.58676224,150.78,178.28,1.61
113.67945212,34.58676229,150.78,178.30,1.61
113.67945035,34.58676233,150.78,178.32,1.61
113.67944860,34.58676238,150.78,178.31,1.61
113.67944683,34.58676242,150.78,178.32,1.61
113.67944508,34.58676247,150.78,178.33,1.61
113.67944332,34.58676251,150.78,178.31,1.61
113.67943981,34.58676260,150.78,178.32,1.61
113.67943805,34.58676264,150.78,178.32,1.61
113.67943628,34.58676267,150.78,178.31,1.61
113.67943452,34.58676272,150.78,178.31,1.61
113.67943276,34.58676274,150.78,178.31,1.61
113.67943101,34.58676278,150.78,178.31,1.61
113.67942924,34.58676281,150.78,178.31,1.61
113.67942749,34.58676288,150.78,178.33,1.61
113.67942573,34.58676292,150.78,178.32,1.61
113.67942399,34.58676297,150.78,178.32,1.58
113.67942224,34.58676300,150.78,178.33,1.58
113.67942049,34.58676303,150.78,178.33,1.58
113.67941873,34.58676307,150.78,178.33,1.58
113.67941699,34.58676314,150.78,178.33,1.58
113.67941525,34.58676318,150.78,178.34,1.58
113.67941351,34.58676322,150.78,178.34,1.58
113.67941176,34.58676325,150.78,178.33,1.58
113.67941002,34.58676330,150.78,178.33,1.58
113.67940827,34.58676333,150.78,178.34,1.58
113.67940651,34.58676338,150.78,178.33,1.58
113.67940475,34.58676342,150.77,178.32,1.58
113.67940298,34.58676345,150.77,178.34,1.58
113.67940121,34.58676349,150.77,178.36,1.58
113.67939944,34.58676354,150.77,178.35,1.61
113.67939765,34.58676358,150.77,178.35,1.61
113.67939587,34.58676362,150.78,178.34,1.61
113.67939406,34.58676365,150.78,178.34,1.61
113.67939044,34.58676373,150.77,178.36,1.64
113.67938861,34.58676379,150.77,178.36,1.64
113.67938679,34.58676383,150.77,178.35,1.64
113.67938494,34.58676387,150.77,178.36,1.64
113.67938309,34.58676391,150.77,178.37,1.64
113.67938125,34.58676395,150.78,178.37,1.67
113.67937755,34.58676403,150.78,178.38,1.67
113.67937567,34.58676407,150.78,178.38,1.67
113.67937380,34.58676411,150.78,178.37,1.67
113.67937003,34.58676419,150.78,178.38,1.69
113.67936814,34.58676424,150.77,178.39,1.69
113.67936622,34.58676427,150.78,178.39,1.69
113.67936430,34.58676430,150.78,178.38,1.69
113.67936238,34.58676435,150.78,178.39,1.72
113.67936044,34.58676438,150.77,178.39,1.75
113.67935852,34.58676442,150.78,178.40,1.75
113.67935658,34.58676446,150.78,178.41,1.75
113.67935466,34.58676451,150.78,178.41,1.75
113.67935080,34.58676458,150.78,178.42,1.75
113.67934887,34.58676463,150.78,178.43,1.75
113.67934692,34.58676468,150.78,178.41,1.75
113.67934495,34.58676472,150.78,178.40,1.75
113.67934300,34.58676476,150.78,178.41,1.75
113.67934103,34.58676480,150.78,178.40,1.78
113.67933907,34.58676484,150.78,178.38,1.78
113.67933512,34.58676494,150.78,178.40,1.81
113.67933116,34.58676502,150.78,178.38,1.81
113.67932918,34.58676507,150.78,178.38,1.81
113.67932718,34.58676513,150.78,178.38,1.81
113.67932517,34.58676517,150.78,178.36,1.81
113.67932319,34.58676522,150.78,178.37,1.81
113.67932117,34.58676527,150.78,178.37,1.81
113.67931918,34.58676532,150.78,178.35,1.81
113.67931715,34.58676536,150.78,178.33,1.81
113.67931514,34.58676542,150.78,178.33,1.81
113.67931109,34.58676552,150.78,178.31,1.81
113.67930906,34.58676557,150.78,178.31,1.83
113.67930702,34.58676562,150.78,178.30,1.83
113.67930497,34.58676566,150.78,178.28,1.83
113.67930295,34.58676572,150.78,178.27,1.83
113.67930090,34.58676577,150.78,178.28,1.83
113.67929887,34.58676583,150.78,178.26,1.83
113.67929579,34.58676590,150.77,178.22,1.83
113.67929063,34.58676604,150.77,178.20,1.83
113.67928857,34.58676610,150.77,178.20,1.86
113.67928438,34.58676621,150.77,178.17,1.86
113.67928230,34.58676626,150.77,178.17,1.89
113.67928020,34.58676632,150.77,178.16,1.89
113.67927812,34.58676637,150.77,178.13,1.89
113.67927602,34.58676642,150.77,178.13,1.89
113.67927393,34.58676648,150.76,178.12,1.89
113.67927182,34.58676653,150.76,178.10,1.89
113.67926765,34.58676666,150.76,178.08,1.89
113.67926554,34.58676672,150.76,178.09,1.89
113.67926344,34.58676678,150.76,178.08,1.89
113.67926135,34.58676683,150.76,178.06,1.89
113.67925925,34.58676689,150.76,178.06,1.89
113.67925716,34.58676696,150.76,178.06,1.89
113.67925506,34.58676701,150.76,178.03,1.89
113.67925296,34.58676708,150.75,178.02,1.89
113.67925085,34.58676713,150.75,178.03,1.89
113.67924876,34.58676719,150.76,178.02,1.89
113.67924665,34.58676725,150.75,177.97,1.89
113.67924453,34.58676730,150.75,177.98,1.92
113.67924242,34.58676736,150.75,178.01,1.92
113.67924031,34.58676743,150.75,177.99,1.92
113.67923820,34.58676748,150.75,177.97,1.92
113.67923610,34.58676755,150.75,177.96,1.92
113.67923400,34.58676759,150.75,177.96,1.92
113.67923191,34.58676765,150.76,177.95,1.89
113.67922981,34.58676770,150.76,177.94,1.89
113.67922773,34.58676777,150.76,177.94,1.89
113.67922564,34.58676783,150.75,177.93,1.89
113.67922354,34.58676789,150.75,177.92,1.89
113.67922143,34.58676794,150.76,177.90,1.89
113.67921933,34.58676802,150.75,177.92,1.89
113.67921722,34.58676807,150.75,177.92,1.92
113.67921513,34.58676813,150.75,177.90,1.92
113.67921302,34.58676818,150.75,177.90,1.92
113.67921093,34.58676826,150.75,177.90,1.92
113.67920882,34.58676832,150.75,177.88,1.89
113.67920673,34.58676838,150.75,177.87,1.92
113.67920464,34.58676845,150.75,177.86,1.92
113.67920252,34.58676849,150.75,177.83,1.92
113.67920041,34.58676854,150.75,177.82,1.92
113.67919832,34.58676862,150.75,177.83,1.92
113.67919620,34.58676868,150.75,177.83,1.92
113.67919200,34.58676882,150.75,177.82,1.92
113.67918992,34.58676888,150.75,177.82,1.92
113.67918781,34.58676894,150.75,177.79,1.89
113.67918574,34.58676901,150.75,177.78,1.89
113.67918367,34.58676909,150.75,177.78,1.89
113.67918157,34.58676915,150.75,177.77,1.89
113.67917946,34.58676921,150.75,177.74,1.89
113.67917740,34.58676928,150.75,177.73,1.89
113.67917529,34.58676934,150.75,177.73,1.89
113.67917111,34.58676948,150.75,177.72,1.89
113.67916695,34.58676963,150.75,177.71,1.89
113.67916490,34.58676970,150.75,177.69,1.89
113.67916286,34.58676977,150.75,177.68,1.86
113.67916078,34.58676984,150.75,177.68,1.86
113.67915669,34.58676998,150.75,177.66,1.86
113.67915259,34.58677013,150.75,177.64,1.83
113.67915053,34.58677020,150.75,177.64,1.83
113.67914850,34.58677027,150.75,177.63,1.83
113.67914441,34.58677041,150.74,177.62,1.83
113.67914238,34.58677048,150.74,177.61,1.83
113.67914033,34.58677056,150.74,177.60,1.83
113.67913828,34.58677063,150.74,177.59,1.83
113.67913626,34.58677071,150.74,177.58,1.83
113.67913422,34.58677078,150.74,177.56,1.83
113.67913220,34.58677084,150.74,177.55,1.83
113.67913016,34.58677091,150.74,177.53,1.83
113.67912815,34.58677099,150.74,177.53,1.83
113.67912411,34.58677114,150.74,177.52,1.83
113.67912209,34.58677121,150.74,177.50,1.83
113.67911801,34.58677134,150.74,177.49,1.83
113.67911599,34.58677142,150.74,177.47,1.83
113.67911395,34.58677149,150.74,177.46,1.83
113.67911193,34.58677158,150.74,177.45,1.83
113.67910990,34.58677164,150.74,177.43,1.83
113.67910788,34.58677172,150.74,177.42,1.83
113.67910586,34.58677178,150.74,177.41,1.83
113.67910385,34.58677186,150.73,177.41,1.83
113.67910184,34.58677194,150.73,177.41,1.83
113.67909983,34.58677201,150.73,177.39,1.83
113.67909783,34.58677207,150.73,177.39,1.81
113.67909585,34.58677216,150.73,177.39,1.81
113.67909386,34.58677223,150.73,177.36,1.81
113.67909188,34.58677230,150.73,177.34,1.81
113.67908989,34.58677237,150.73,177.34,1.81
113.67908791,34.58677245,150.73,177.33,1.81
113.67908592,34.58677252,150.73,177.30,1.81
113.67908199,34.58677269,150.73,177.32,1.81
113.67907804,34.58677282,150.73,177.27,1.81
113.67907609,34.58677289,150.73,177.29,1.78
113.67907415,34.58677296,150.73,177.28,1.78
113.67907221,34.58677304,150.73,177.25,1.75
113.67907028,34.58677311,150.73,177.24,1.75
113.67906836,34.58677318,150.73,177.23,1.75
113.67906644,34.58677324,150.73,177.22,1.75
113.67906453,34.58677332,150.73,177.20,1.75
113.67906263,34.58677340,150.73,177.20,1.75
113.67906072,34.58677348,150.73,177.19,1.72
113.67905883,34.58677355,150.73,177.18,1.72
113.67905693,34.58677363,150.73,177.18,1.72
113.67905503,34.58677370,150.73,177.17,1.72
113.67905315,34.58677378,150.73,177.16,1.72
113.67905126,34.58677384,150.73,177.15,1.69
113.67904938,34.58677392,150.73,177.14,1.69
113.67904376,34.58677415,150.73,177.12,1.69
113.67904190,34.58677422,150.73,177.13,1.69
113.67904004,34.58677429,150.73,177.15,1.69
113.67903818,34.58677437,150.73,177.20,1.69
113.67903633,34.58677443,150.73,177.29,1.67
113.67903449,34.58677451,150.73,177.39,1.67
113.67903081,34.58677464,150.73,177.63,1.67
113.67902897,34.58677470,150.73,177.77,1.67
113.67902714,34.58677476,150.73,177.93,1.67
113.67902532,34.58677483,150.73,178.10,1.67
113.67902350,34.58677487,150.73,178.28,1.67
113.67902168,34.58677492,150.73,178.50,1.64
113.67901987,34.58677496,150.73,178.76,1.64
113.67901808,34.58677498,150.73,179.05,1.64
113.67901629,34.58677501,150.73,179.38,1.64
113.67901450,34.58677504,150.73,179.76,1.64
113.67901272,34.58677505,150.73,180.17,1.64
113.67901095,34.58677505,150.73,180.59,1.64
113.67900919,34.58677504,150.73,181.04,1.61
113.67900745,34.58677502,150.73,181.53,1.61
113.67900570,34.58677499,150.73,182.06,1.61
113.67900397,34.58677494,150.73,182.62,1.61
113.67900224,34.58677488,150.73,183.25,1.61
113.67900053,34.58677481,150.73,183.93,1.61
113.67899881,34.58677473,150.73,184.64,1.61
113.67899712,34.58677461,150.73,185.39,1.61
113.67899375,34.58677433,150.73,186.93,1.58
113.67899208,34.58677417,150.73,187.72,1.58
113.67899042,34.58677399,150.73,188.48,1.58
113.67898878,34.58677379,150.73,189.26,1.56
113.67898715,34.58677358,150.73,190.05,1.56
113.67898552,34.58677336,150.73,190.81,1.56
113.67898390,34.58677310,150.72,191.60,1.56
113.67898228,34.58677283,150.72,192.43,1.56
113.67898067,34.58677253,150.72,193.26,1.56
113.67897905,34.58677223,150.72,194.08,1.56
113.67897581,34.58677156,150.72,195.77,1.56
113.67897418,34.58677119,150.72,196.62,1.56
113.67897255,34.58677078,150.72,197.52,1.58
113.67897092,34.58677035,150.72,198.41,1.61
113.67896928,34.58676990,150.72,199.30,1.61
113.67896763,34.58676943,150.72,200.23,1.64
113.67896599,34.58676895,150.72,201.19,1.64
113.67896433,34.58676841,150.72,202.12,1.64
113.67896267,34.58676786,150.72,203.08,1.67
113.67896100,34.58676728,150.72,204.07,1.69
113.67895765,34.58676603,150.72,206.04,1.72
113.67895598,34.58676536,150.72,207.06,1.75
113.67895429,34.58676465,150.72,208.11,1.78
113.67895261,34.58676392,150.72,209.16,1.78
113.67895093,34.58676314,150.72,210.23,1.81
113.67894926,34.58676234,150.72,211.33,1.81
113.67894758,34.58676150,150.72,212.47,1.83
113.67894592,34.58676063,150.72,213.59,1.83
113.67894427,34.58675972,150.72,214.73,1.86
113.67894264,34.58675880,150.72,215.95,1.89
113.67894102,34.58675784,150.72,217.17,1.89
113.67893942,34.58675684,150.72,218.40,1.89
113.67893785,34.58675582,150.72,219.71,1.89
113.67893631,34.58675477,150.72,221.02,1.92
113.67893480,34.58675369,150.72,222.30,1.92
113.67893331,34.58675258,150.72,223.60,1.92
113.67893186,34.58675144,150.72,224.91,1.92
113.67893044,34.58675027,150.72,226.21,1.92
113.67892906,34.58674907,150.73,227.51,1.92
113.67892771,34.58674785,150.73,228.81,1.92
113.67892638,34.58674661,150.73,230.15,1.92
113.67892510,34.58674534,150.72,231.45,1.94
113.67892386,34.58674404,150.73,232.74,1.94
113.67892263,34.58674272,150.73,234.04,1.94
113.67892147,34.58674138,150.73,235.32,1.94
113.67892032,34.58674002,150.73,236.57,1.94
113.67891922,34.58673864,150.73,237.82,1.92
113.67891815,34.58673726,150.73,239.06,1.92
113.67891715,34.58673587,150.73,240.25,1.89
113.67891617,34.58673446,150.73,241.44,1.89
113.67891525,34.58673305,150.73,242.59,1.86
113.67891437,34.58673164,150.73,243.76,1.83
113.67891353,34.58673022,150.73,244.92,1.83
113.67891271,34.58672880,150.73,246.07,1.83
113.67891194,34.58672737,150.73,247.21,1.81
113.67891121,34.58672593,150.73,248.34,1.81
113.67891053,34.58672448,150.73,249.48,1.81
113.67890986,34.58672302,150.73,250.62,1.81
113.67890864,34.58672008,150.73,252.84,1.81
113.67890808,34.58671858,150.73,253.91,1.81
113.67890757,34.58671709,150.73,254.97,1.81
113.67890709,34.58671559,150.73,256.04,1.81
113.67890663,34.58671407,150.73,257.08,1.81
113.67890622,34.58671256,150.73,258.11,1.81
113.67890582,34.58671103,150.74,259.14,1.81
113.67890547,34.58670951,150.74,260.16,1.81
113.67890514,34.58670797,150.74,261.17,1.81
113.67890460,34.58670490,150.74,263.19,1.81
113.67890437,34.58670335,150.74,264.20,1.81
113.67890419,34.58670182,150.74,265.22,1.81
113.67890404,34.58670027,150.74,266.23,1.81
113.67890392,34.58669872,150.74,267.23,1.78
113.67890383,34.58669717,150.74,268.25,1.78
113.67890376,34.58669561,150.74,269.26,1.78
113.67890375,34.58669250,150.74,271.24,1.78
113.67890379,34.58669094,150.74,272.25,1.78
113.67890386,34.58668936,150.73,273.23,1.78
113.67890397,34.58668778,150.74,274.19,1.78
113.67890410,34.58668622,150.74,275.14,1.78
113.67890427,34.58668465,150.74,276.08,1.78
113.67890447,34.58668307,150.74,277.00,1.81
113.67890469,34.58668150,150.74,277.92,1.81
113.67890495,34.58667991,150.74,278.81,1.81
113.67890524,34.58667835,150.74,279.68,1.81
113.67890557,34.58667677,150.74,280.52,1.81
113.67890632,34.58667362,150.74,282.12,1.81
113.67890673,34.58667204,150.74,282.88,1.81
113.67890715,34.58667048,150.74,283.69,1.81
113.67890760,34.58666891,150.74,284.48,1.81
113.67890810,34.58666734,150.74,285.24,1.81
113.67890861,34.58666578,150.74,286.03,1.81
113.67890914,34.58666421,150.74,286.85,1.81
113.67890971,34.58666265,150.73,287.67,1.81
113.67891032,34.58666109,150.73,288.52,1.83
113.67891096,34.58665954,150.73,289.41,1.83
113.67891162,34.58665798,150.73,290.32,1.83
113.67891230,34.58665643,150.74,291.23,1.83
113.67891301,34.58665491,150.74,292.16,1.83
113.67891376,34.58665338,150.74,293.12,1.86
113.67891455,34.58665186,150.74,294.06,1.86
113.67891537,34.58665035,150.74,295.04,1.86
113.67891621,34.58664883,150.74,296.05,1.89
113.67891709,34.58664733,150.74,297.03,1.89
113.67891801,34.58664583,150.74,298.03,1.89
113.67891895,34.58664435,150.74,299.08,1.89
113.67891995,34.58664288,150.74,300.14,1.89
113.67892098,34.58664142,150.74,301.21,1.92
113.67892202,34.58663998,150.74,302.28,1.92
113.67892310,34.58663856,150.74,303.36,1.92
113.67892421,34.58663714,150.74,304.46,1.92
113.67892534,34.58663575,150.74,305.57,1.94
113.67892653,34.58663437,150.74,306.65,1.94
113.67892775,34.58663302,150.74,307.76,1.94
113.67892900,34.58663166,150.74,308.90,1.94
113.67893296,34.58662773,150.74,312.29,1.94
113.67893433,34.58662646,150.74,313.47,1.94
113.67893574,34.58662523,150.74,314.65,1.94
113.67893720,34.58662402,150.74,315.83,1.94
113.67893866,34.58662286,150.74,317.04,1.94
113.67894017,34.58662169,150.74,318.26,1.94
113.67894169,34.58662058,150.74,319.43,1.94
113.67894325,34.58661946,150.74,320.62,1.94
113.67894483,34.58661838,150.74,321.84,1.94
113.67894646,34.58661732,150.74,323.03,1.94
113.67894812,34.58661630,150.74,324.19,1.94
113.67894979,34.58661531,150.74,325.39,1.94
113.67895148,34.58661433,150.74,326.55,1.97
113.67895321,34.58661337,150.74,327.71,1.97
113.67895495,34.58661245,150.74,328.87,1.97
113.67895673,34.58661156,150.74,330.01,1.97
113.67895851,34.58661073,150.74,331.14,1.94
113.67896029,34.58660989,150.74,332.30,1.94
113.67896390,34.58660834,150.74,334.48,1.94
113.67896572,34.58660762,150.74,335.57,1.94
113.67896754,34.58660695,150.74,336.64,1.92
113.67896936,34.58660630,150.74,337.70,1.92
113.67897120,34.58660567,150.74,338.75,1.89
113.67897303,34.58660510,150.74,339.80,1.89
113.67897488,34.58660454,150.74,340.84,1.89
113.67897672,34.58660401,150.74,341.88,1.86
113.67897857,34.58660348,150.74,342.90,1.83
113.67898043,34.58660300,150.74,343.90,1.83
113.67898230,34.58660254,150.74,344.89,1.83
113.67898419,34.58660211,150.74,345.88,1.83
113.67898607,34.58660173,150.74,346.84,1.83
113.67898795,34.58660138,150.74,347.78,1.81
113.67898984,34.58660103,150.75,348.69,1.81
113.67899173,34.58660072,150.75,349.59,1.81
113.67899362,34.58660042,150.75,350.46,1.81
113.67899551,34.58660017,150.75,351.28,1.81
113.67899741,34.58659993,150.75,352.09,1.81
113.67899929,34.58659973,150.75,352.86,1.78
113.67900118,34.58659952,150.75,353.60,1.78
113.67900308,34.58659933,150.75,354.27,1.78
113.67900497,34.58659918,150.75,354.90,1.78
113.67900687,34.58659904,150.75,355.50,1.78
113.67900878,34.58659892,150.75,356.00,1.75
113.67901071,34.58659883,150.75,356.41,1.75
113.67901263,34.58659873,150.75,356.77,1.75
113.67901647,34.58659856,150.75,357.24,1.75
113.67901840,34.58659849,150.75,357.42,1.75
113.67902032,34.58659842,150.75,357.56,1.75
113.67902224,34.58659835,150.75,357.67,1.75
113.67902416,34.58659830,150.75,357.75,1.75
113.67902607,34.58659825,150.76,357.81,1.75
113.67902797,34.58659819,150.76,357.87,1.75
113.67902988,34.58659813,150.76,357.91,1.72
113.67903178,34.58659807,150.76,357.93,1.72
113.67903369,34.58659803,150.75,357.94,1.72
113.67903560,34.58659798,150.75,357.96,1.72
113.67903751,34.58659794,150.75,357.97,1.72
113.67903943,34.58659788,150.75,357.98,1.72
113.67904328,34.58659777,150.75,358.01,1.72
113.67904521,34.58659771,150.75,358.04,1.72
113.67904715,34.58659766,150.75,358.04,1.75
113.67904910,34.58659762,150.75,358.05,1.75
113.67905107,34.58659756,150.75,358.09,1.78
113.67905305,34.58659752,150.75,358.10,1.78
113.67905504,34.58659747,150.75,358.10,1.81
113.67905705,34.58659742,150.75,358.12,1.81
113.67905907,34.58659736,150.75,358.14,1.81
113.67906110,34.58659730,150.76,358.15,1.83
113.67906316,34.58659725,150.76,358.15,1.83
113.67906523,34.58659721,150.76,358.16,1.86
113.67906731,34.58659716,150.76,358.18,1.86
113.67906942,34.58659711,150.75,358.20,1.89
113.67907156,34.58659706,150.75,358.22,1.94
113.67907371,34.58659702,150.75,358.23,1.94
113.67907588,34.58659696,150.75,358.25,1.94
113.67907808,34.58659691,150.75,358.26,1.97
113.67908029,34.58659685,150.75,358.26,1.97
113.67908250,34.58659680,150.75,358.26,1.97
113.67908473,34.58659676,150.75,358.28,2.00
113.67908697,34.58659671,150.75,358.30,2.00
113.67908919,34.58659665,150.75,358.31,2.00
113.67909142,34.58659660,150.76,358.33,2.00
113.67909364,34.58659654,150.76,358.35,2.00
113.67909586,34.58659650,150.76,358.37,2.00
113.67909809,34.58659646,150.76,358.35,2.00
113.67910031,34.58659642,150.76,358.38,2.00
113.67910255,34.58659637,150.76,358.40,2.00
113.67910479,34.58659631,150.76,358.39,2.03
113.67910704,34.58659627,150.76,358.40,2.03
113.67910930,34.58659623,150.76,358.42,2.03
113.67911157,34.58659618,150.76,358.40,2.03
113.67911386,34.58659613,150.76,358.41,2.06
113.67911615,34.58659607,150.76,358.43,2.08
113.67911844,34.58659603,150.76,358.43,2.08
113.67912074,34.58659598,150.76,358.43,2.08
113.67912536,34.58659588,150.76,358.45,2.08
113.67912769,34.58659583,150.76,358.44,2.11
113.67913002,34.58659578,150.76,358.44,2.11
113.67913237,34.58659573,150.75,358.44,2.11
113.67913472,34.58659568,150.76,358.44,2.11
113.67913708,34.58659563,150.76,358.44,2.11
113.67913945,34.58659558,150.76,358.44,2.14
113.67914183,34.58659552,150.76,358.44,2.14
113.67914421,34.58659546,150.76,358.43,2.14
113.67914659,34.58659541,150.76,358.42,2.14
113.67915139,34.58659531,150.76,358.41,2.17
113.67915380,34.58659526,150.76,358.39,2.17
113.67915621,34.58659521,150.76,358.38,2.17
113.67915864,34.58659515,150.76,358.37,2.19
113.67916108,34.58659509,150.76,358.36,2.19
113.67916352,34.58659503,150.76,358.33,2.22
113.67916597,34.58659497,150.76,358.31,2.22
113.67916843,34.58659492,150.76,358.29,2.22
113.67917090,34.58659487,150.76,358.26,2.22
113.67917338,34.58659481,150.77,358.21,2.25
113.67917586,34.58659474,150.76,358.15,2.25
113.67917834,34.58659468,150.76,358.12,2.25
113.67918083,34.58659463,150.76,358.06,2.25
113.67918333,34.58659456,150.77,358.03,2.25
113.67918583,34.58659450,150.77,358.00,2.25
113.67918833,34.58659441,150.77,357.97,2.25
113.67919085,34.58659434,150.76,357.92,2.25
113.67919336,34.58659426,150.76,357.88,2.25
113.67919589,34.58659420,150.76,357.82,2.25
113.67920095,34.58659404,150.76,357.73,2.28
113.67920346,34.58659396,150.76,357.68,2.28
113.67920598,34.58659388,150.76,357.63,2.28
113.67920848,34.58659380,150.77,357.60,2.28
113.67921097,34.58659372,150.77,357.56,2.28
113.67921345,34.58659363,150.77,357.50,2.25
113.67921592,34.58659355,150.77,357.46,2.25
113.67921840,34.58659346,150.77,357.42,2.25
113.67922087,34.58659338,150.77,357.37,2.25
113.67922581,34.58659318,150.76,357.28,2.25
113.67922828,34.58659309,150.76,357.26,2.25
113.67923075,34.58659300,150.76,357.22,2.25
113.67923321,34.58659291,150.76,357.18,2.25
113.67923566,34.58659282,150.76,357.16,2.25
113.67923811,34.58659272,150.77,357.15,2.22
113.67924056,34.58659262,150.77,357.12,2.22
113.67924299,34.58659251,150.77,357.09,2.22
113.67924542,34.58659242,150.77,357.09,2.22
113.67924785,34.58659232,150.77,357.09,2.22
113.67925028,34.58659222,150.76,357.08,2.22
113.67925271,34.58659212,150.76,357.08,2.22
113.67925513,34.58659202,150.77,357.12,2.22
113.67925997,34.58659183,150.77,357.13,2.19
113.67926238,34.58659173,150.77,357.15,2.19
113.67926479,34.58659163,150.77,357.16,2.19
113.67926721,34.58659153,150.77,357.18,2.22
113.67927206,34.58659134,150.77,357.22,2.19
113.67927449,34.58659124,150.77,357.22,2.19
113.67927694,34.58659115,150.77,357.26,2.19
113.67927938,34.58659107,150.77,357.30,2.22
113.67928181,34.58659099,150.77,357.31,2.22
113.67928425,34.58659090,150.77,357.32,2.22
113.67928666,34.58659080,150.77,357.33,2.22
113.67928907,34.58659070,150.77,357.34,2.22
113.67929148,34.58659061,150.77,357.37,2.22
113.67929389,34.58659052,150.77,357.37,2.19
113.67929868,34.58659035,150.77,357.41,2.19
113.67930107,34.58659026,150.76,357.44,2.19
113.67930347,34.58659018,150.76,357.45,2.17
113.67930584,34.58659009,150.76,357.46,2.17
113.67930822,34.58659002,150.76,357.46,2.17
113.67931058,34.58658993,150.76,357.49,2.17
113.67931296,34.58658986,150.76,357.53,2.14
113.67931530,34.58658977,150.76,357.53,2.14
113.67931766,34.58658970,150.76,357.54,2.11
113.67931999,34.58658961,150.76,357.56,2.11
113.67932232,34.58658952,150.76,357.57,2.11
113.67932465,34.58658944,150.76,357.58,2.11
113.67932697,34.58658936,150.76,357.60,2.11
113.67932926,34.58658929,150.77,357.61,2.08
113.67933157,34.58658922,150.76,357.62,2.08
113.67933385,34.58658914,150.76,357.64,2.08
113.67933613,34.58658906,150.76,357.64,2.08
113.67933841,34.58658899,150.77,357.64,2.08
113.67934069,34.58658892,150.76,357.64,2.08
113.67934295,34.58658885,150.76,357.64,2.08
113.67934522,34.58658877,150.76,357.64,2.06
113.67934749,34.58658870,150.76,357.63,2.06
113.67934976,34.58658863,150.76,357.64,2.06
113.67935201,34.58658855,150.76,357.63,2.06
113.67935427,34.58658847,150.76,357.61,2.06
113.67935649,34.58658838,150.76,357.57,2.03
113.67935873,34.58658831,150.77,357.57,2.03
113.67936095,34.58658823,150.77,357.56,2.03
113.67936319,34.58658817,150.76,357.53,2.03
113.67936540,34.58658810,150.76,357.50,2.03
113.67936762,34.58658801,150.76,357.51,2.03
113.67936985,34.58658793,150.76,357.50,2.03
113.67937209,34.58658786,150.76,357.48,2.03
113.67937429,34.58658778,150.76,357.46,2.03
113.67937651,34.58658771,150.76,357.44,2.03
113.67937872,34.58658763,150.76,357.42,2.00
113.67938092,34.58658756,150.76,357.42,2.00
113.67938311,34.58658747,150.76,357.43,1.97
113.67938531,34.58658739,150.77,357.42,1.97
113.67938749,34.58658730,150.77,357.41,1.97
113.67938967,34.58658722,150.77,357.42,1.97
113.67939186,34.58658716,150.77,357.43,1.97
113.67939405,34.58658708,150.76,357.44,1.97
113.67939842,34.58658691,150.76,357.44,1.97
113.67940060,34.58658683,150.76,357.44,1.97
113.67940278,34.58658676,150.77,357.45,1.97
113.67940495,34.58658668,150.77,357.44,1.97
113.67940713,34.58658661,150.77,357.43,1.97
113.67940930,34.58658653,150.77,357.44,1.97
113.67941147,34.58658644,150.77,357.45,1.97
113.67941367,34.58658637,150.77,357.45,1.97
113.67941586,34.58658628,150.77,357.47,1.94
113.67941803,34.58658619,150.77,357.48,1.97
113.67942022,34.58658613,150.77,357.47,1.97
113.67942240,34.58658605,150.77,357.48,1.97
113.67942458,34.58658597,150.77,357.49,1.97
113.67942674,34.58658589,150.76,357.48,1.97
113.67942891,34.58658582,150.77,357.48,1.94
113.67943108,34.58658574,150.77,357.48,1.94
113.67943324,34.58658566,150.77,357.47,1.94
113.67943541,34.58658560,150.77,357.46,1.94
113.67943758,34.58658553,150.77,357.47,1.94
113.67943974,34.58658545,150.77,357.48,1.94
113.67944190,34.58658536,150.76,357.47,1.94
113.67944406,34.58658527,150.76,357.45,1.97
113.67944622,34.58658519,150.76,357.46,1.97
113.67944839,34.58658511,150.76,357.46,1.94
113.67945055,34.58658505,150.76,357.43,1.97
113.67945272,34.58658497,150.76,357.42,1.94
113.67945488,34.58658488,150.77,357.43,1.94
113.67945704,34.58658480,150.77,357.41,1.94
113.67945921,34.58658473,150.77,357.39,1.94
113.67946138,34.58658464,150.76,357.41,1.94
113.67946354,34.58658457,150.76,357.40,1.94
113.67946571,34.58658448,150.76,357.37,1.94
113.67946787,34.58658440,150.76,357.39,1.94
113.67947004,34.58658430,150.77,357.39,1.94
113.67947221,34.58658422,150.77,357.36,1.94
113.67947438,34.58658414,150.77,357.35,1.94
113.67947656,34.58658407,150.77,357.34,1.94
113.67947873,34.58658399,150.77,357.31,1.94
113.67948091,34.58658390,150.77,357.29,1.94
113.67948310,34.58658381,150.76,357.30,1.97
113.67948528,34.58658372,150.76,357.28,1.97
113.67948747,34.58658364,150.76,357.26,1.97
113.67948966,34.58658355,150.76,357.25,1.97
113.67949186,34.58658346,150.76,357.24,1.97
113.67949406,34.58658338,150.76,357.22,1.97
113.67949627,34.58658329,150.76,357.19,1.97
113.67949848,34.58658320,150.76,357.17,1.97
113.67950069,34.58658312,150.76,357.14,1.97
113.67950289,34.58658304,150.76,357.12,1.97
113.67950510,34.58658293,150.76,357.09,1.97
113.67950730,34.58658284,150.76,357.08,2.00
113.67950950,34.58658274,150.76,357.07,2.00
113.67951169,34.58658266,150.76,357.04,2.00
113.67951389,34.58658257,150.76,357.01,1.97
113.67951827,34.58658237,150.76,356.96,1.97
113.67952047,34.58658227,150.76,356.91,1.97
113.67952267,34.58658219,150.76,356.89,1.97
113.67952487,34.58658210,150.75,356.88,1.97
113.67952707,34.58658201,150.75,356.82,1.97
113.67952927,34.58658191,150.76,356.81,1.97
113.67953146,34.58658180,150.76,356.82,1.97
113.67953365,34.58658170,150.76,356.79,1.97
113.67953583,34.58658160,150.76,356.75,1.97
113.67953801,34.58658151,150.76,356.73,1.97
113.67954233,34.58658131,150.76,356.71,1.94
113.67954447,34.58658122,150.76,356.70,1.94
113.67954661,34.58658113,150.76,356.68,1.94
113.67954874,34.58658102,150.76,356.67,1.94
113.67955086,34.58658093,150.77,356.66,1.94
113.67955297,34.58658083,150.77,356.68,1.94
113.67955507,34.58658074,150.77,356.68,1.94
113.67955715,34.58658064,150.77,356.67,1.92
113.67955923,34.58658055,150.77,356.66,1.89
113.67956336,34.58658034,150.77,356.66,1.89
113.67956541,34.58658025,150.77,356.66,1.89
113.67956746,34.58658017,150.77,356.66,1.86
113.67956950,34.58658007,150.77,356.65,1.86
113.67957153,34.58657998,150.77,356.65,1.83
113.67957354,34.58657988,150.77,356.67,1.83
113.67957556,34.58657979,150.77,356.69,1.83
113.67957756,34.58657969,150.77,356.69,1.83
113.67957955,34.58657961,150.77,356.71,1.83
113.67958155,34.58657951,150.77,356.72,1.81
113.67958354,34.58657941,150.77,356.73,1.81
113.67958553,34.58657933,150.77,356.73,1.81
113.67958752,34.58657924,150.77,356.74,1.81
113.67958950,34.58657915,150.77,356.75,1.81
113.67959149,34.58657907,150.77,356.75,1.81
113.67959347,34.58657897,150.77,356.74,1.81
113.67959544,34.58657889,150.78,356.75,1.81
113.67959936,34.58657871,150.78,356.76,1.81
113.67960129,34.58657861,150.78,356.77,1.75
113.67960320,34.58657852,150.78,356.78,1.72
113.67960508,34.58657845,150.78,356.78,1.69
113.67960693,34.58657837,150.78,356.78,1.69
113.67960874,34.58657828,150.78,356.77,1.67
113.67961053,34.58657820,150.78,356.77,1.64
113.67961229,34.58657812,150.78,356.77,1.61
113.67961403,34.58657804,150.79,356.77,1.58
113.67961575,34.58657795,150.79,356.77,1.56
113.67961912,34.58657781,150.79,356.77,1.53
113.67962077,34.58657773,150.79,356.77,1.50
113.67962239,34.58657767,150.79,356.78,1.47
113.67962400,34.58657760,150.79,356.78,1.47
113.67962557,34.58657752,150.79,356.78,1.44
113.67962712,34.58657745,150.79,356.81,1.42
113.67962865,34.58657738,150.79,356.78,1.39
113.67963016,34.58657732,150.79,356.76,1.39
113.67963166,34.58657724,150.79,356.78,1.36
113.67963314,34.58657718,150.79,356.79,1.33
113.67963460,34.58657711,150.79,356.78,1.33
113.67963604,34.58657704,150.79,356.78,1.33
113.67963747,34.58657698,150.79,356.78,1.31
113.67963887,34.58657692,150.79,356.78,1.28
113.67964027,34.58657685,150.79,356.79,1.28
113.67964165,34.58657679,150.79,356.80,1.25
113.67964302,34.58657672,150.79,356.79,1.25
113.67964437,34.58657665,150.79,356.79,1.25
113.67964572,34.58657658,150.79,356.80,1.22
113.67964704,34.58657653,150.79,356.79,1.22
113.67964835,34.58657647,150.79,356.79,1.19
113.67964965,34.58657641,150.79,356.80,1.17
113.67965093,34.58657636,150.79,356.81,1.17
113.67965220,34.58657630,150.79,356.80,1.17
113.67965345,34.58657624,150.80,356.79,1.14
113.67965468,34.58657620,150.80,356.81,1.11
113.67965590,34.58657614,150.80,356.81,1.11
113.67965709,34.58657608,150.80,356.79,1.11
113.67965827,34.58657602,150.80,356.79,1.06
113.67965942,34.58657596,150.80,356.80,1.06
113.67966167,34.58657586,150.80,356.78,1.00
113.67966271,34.58657581,150.80,356.79,0.97
113.67966536,34.58657568,150.81,356.79,0.72
113.67966654,34.58657562,150.81,356.78,0.56
113.67966787,34.58657558,150.82,356.80,0.00
113.67966894,34.58657553,150.82,356.79,0.28
113.67966999,34.58657548,150.82,356.80,0.42
113.67967125,34.58657542,150.83,356.80,0.50
113.67967271,34.58657535,150.83,356.79,0.61
113.67967436,34.58657528,150.83,356.78,0.69
113.67967613,34.58657520,150.83,356.76,0.75
113.67967798,34.58657511,150.83,356.76,0.83
113.67967992,34.58657502,150.83,356.75,0.86
113.67968094,34.58657497,150.83,356.74,0.86
113.67968196,34.58657492,150.83,356.74,0.89
113.67968301,34.58657487,150.83,356.73,0.92
113.67968409,34.58657482,150.83,356.72,0.94
113.67968626,34.58657471,150.83,356.73,0.97
113.67968738,34.58657466,150.83,356.72,1.00
113.67968850,34.58657460,150.83,356.71,1.00
113.67968965,34.58657454,150.84,356.73,1.00
113.67969079,34.58657448,150.84,356.73,1.00
113.67969196,34.58657443,150.83,356.72,1.03
113.67969313,34.58657438,150.84,356.72,1.06
113.67969553,34.58657425,150.84,356.73,1.06
113.67969673,34.58657419,150.84,356.73,1.08
113.67969794,34.58657413,150.84,356.74,1.08
113.67969916,34.58657407,150.84,356.75,1.08
113.67970041,34.58657403,150.84,356.75,1.11
113.67970166,34.58657396,150.84,356.76,1.11
113.67970292,34.58657391,150.84,356.78,1.11
113.67970548,34.58657379,150.84,356.82,1.14
113.67970676,34.58657373,150.84,356.85,1.14
113.67970804,34.58657367,150.84,356.89,1.14
113.67970933,34.58657362,150.84,356.92,1.14
113.67971062,34.58657356,150.84,356.96,1.14
113.67971192,34.58657351,150.84,357.01,1.17
113.67971324,34.58657346,150.84,357.06,1.17
113.67971454,34.58657340,150.84,357.10,1.17
113.67971583,34.58657335,150.85,357.16,1.17
113.67971712,34.58657329,150.85,357.22,1.17
113.67971840,34.58657323,150.85,357.27,1.17
113.67971968,34.58657318,150.85,357.32,1.17
113.67972096,34.58657314,150.86,357.39,1.17
113.67972224,34.58657309,150.86,357.48,1.17
113.67972480,34.58657299,150.86,357.62,1.17
113.67972609,34.58657296,150.86,357.72,1.17
113.67972735,34.58657292,150.86,357.81,1.14
113.67972862,34.58657289,150.86,357.90,1.14
113.67972989,34.58657285,150.86,358.00,1.14
113.67973117,34.58657282,150.86,358.12,1.14
113.67973502,34.58657273,150.86,358.52,1.14
113.67973631,34.58657270,150.86,358.65,1.14
113.67973760,34.58657267,150.86,358.80,1.14
113.67973891,34.58657265,150.86,358.97,1.14
113.67974020,34.58657263,150.86,359.15,1.17
113.67974152,34.58657262,150.86,359.36,1.17
113.67974283,34.58657261,150.86,359.58,1.17
113.67974416,34.58657260,150.86,359.79,1.17
113.67974548,34.58657259,150.87,0.02,1.17
113.67974679,34.58657258,150.87,0.29,1.17
113.67974814,34.58657258,150.87,0.52,1.17
113.67974948,34.58657259,150.87,0.76,1.19
113.67975081,34.58657260,150.87,1.07,1.19
113.67975216,34.58657262,150.87,1.37,1.19
113.67975349,34.58657265,150.87,1.62,1.19
113.67975484,34.58657269,150.87,1.92,1.19
113.67975617,34.58657271,150.87,2.28,1.19
113.67975752,34.58657276,150.87,2.62,1.19
113.67976019,34.58657286,150.87,3.34,1.19
113.67976154,34.58657292,150.87,3.73,1.19
113.67976289,34.58657300,150.87,4.10,1.19
113.67976423,34.58657307,150.88,4.53,1.19
113.67976560,34.58657316,150.88,4.98,1.22
113.67976694,34.58657324,150.88,5.40,1.22
113.67976829,34.58657335,150.87,5.82,1.22
113.67977096,34.58657359,150.87,6.75,1.22
113.67977362,34.58657385,150.87,7.73,1.22
113.67977497,34.58657398,150.87,8.26,1.22
113.67977631,34.58657414,150.87,8.79,1.22
113.67977763,34.58657430,150.87,9.35,1.22
113.67977895,34.58657450,150.87,9.93,1.22
113.67978027,34.58657468,150.87,10.52,1.22
113.67978160,34.58657490,150.87,11.11,1.22
113.67978291,34.58657510,150.87,11.73,1.22
113.67978421,34.58657534,150.87,12.36,1.22
113.67978551,34.58657557,150.87,13.01,1.22
113.67978681,34.58657582,150.87,13.67,1.22
113.67978940,34.58657637,150.87,15.07,1.25
113.67979069,34.58657666,150.87,15.76,1.25
113.67979198,34.58657696,150.87,16.46,1.25
113.67979326,34.58657727,150.87,17.17,1.25
113.67979454,34.58657760,150.87,17.91,1.25
113.67979580,34.58657794,150.87,18.66,1.25
113.67979706,34.58657829,150.87,19.43,1.25
113.67979831,34.58657865,150.87,20.22,1.25
113.67979956,34.58657902,150.87,21.02,1.25
113.67980080,34.58657941,150.87,21.80,1.25
113.67980325,34.58658023,150.87,23.39,1.25
113.67980445,34.58658066,150.87,24.20,1.25
113.67980565,34.58658110,150.87,24.99,1.25
113.67980684,34.58658155,150.87,25.81,1.25
113.67980802,34.58658201,150.87,26.63,1.25
113.67980918,34.58658248,150.87,27.46,1.25
113.67981148,34.58658347,150.87,29.14,1.25
113.67981260,34.58658398,150.87,29.98,1.25
113.67981370,34.58658450,150.87,30.86,1.25
113.67981480,34.58658503,150.87,31.79,1.25
113.67981589,34.58658558,150.87,32.73,1.25
113.67981697,34.58658615,150.87,33.66,1.25
113.67981803,34.58658672,150.87,34.64,1.25
113.67981908,34.58658731,150.87,35.65,1.25
113.67982010,34.58658792,150.87,36.67,1.25
113.67982112,34.58658853,150.87,37.72,1.25
113.67982309,34.58658980,150.87,39.90,1.25
113.67982499,34.58659112,150.88,42.13,1.25
113.67982685,34.58659251,150.88,44.45,1.25
113.67982860,34.58659396,150.87,46.82,1.25
113.67983029,34.58659544,150.88,49.25,1.25
113.67983187,34.58659697,150.87,51.71,1.25
113.67983334,34.58659854,150.87,54.27,1.25
113.67983544,34.58660098,150.87,58.15,1.25
113.67983672,34.58660266,150.87,60.77,1.25
113.67983843,34.58660525,150.87,64.73,1.25
113.67983943,34.58660702,150.87,67.34,1.25
113.67984032,34.58660882,150.87,69.90,1.25
113.67984114,34.58661066,150.87,72.42,1.25
113.67984219,34.58661350,150.87,75.90,1.22
113.67984279,34.58661547,150.87,78.08,1.22
113.67984330,34.58661746,150.87,80.24,1.22
113.67984352,34.58661848,150.87,81.25,1.22
113.67984389,34.58662058,150.86,82.97,1.22
113.67984408,34.58662167,150.86,83.72,1.22
113.67984449,34.58662496,150.87,85.25,1.22
113.67984460,34.58662606,150.87,85.56,1.22
113.67984471,34.58662714,150.87,85.76,1.19
113.67984480,34.58662822,150.87,85.90,1.19
113.67984490,34.58662928,150.87,85.98,1.17
113.67984498,34.58663033,150.87,86.01,1.17
113.67984506,34.58663135,150.87,86.02,1.14
113.67984522,34.58663323,150.87,86.02,1.03
113.67984536,34.58663484,150.88,86.00,0.86
113.67984547,34.58663613,150.88,86.00,0.72
113.67984560,34.58663751,150.88,85.98,0.50
113.67984575,34.58663865,150.85,85.99,0.00
113.67984586,34.58663996,150.85,85.98,0.36
113.67984594,34.58664099,150.85,85.97,0.50
113.67984603,34.58664218,150.85,85.96,0.61
113.67984614,34.58664353,150.85,85.97,0.69
113.67984634,34.58664583,150.85,85.96,0.83
113.67984649,34.58664752,150.85,85.96,0.89
113.67984665,34.58664930,150.85,85.97,0.94
113.67984681,34.58665119,150.85,85.98,1.00
113.67984697,34.58665316,150.85,86.04,1.06
113.67984706,34.58665418,150.85,86.08,1.06
113.67984714,34.58665522,150.85,86.14,1.11
113.67984723,34.58665627,150.85,86.20,1.11
113.67984731,34.58665733,150.85,86.27,1.14
113.67984740,34.58665841,150.85,86.35,1.14
113.67984748,34.58665950,150.86,86.46,1.17
113.67984757,34.58666060,150.86,86.57,1.17
113.67984765,34.58666171,150.86,86.70,1.17
113.67984772,34.58666283,150.86,86.84,1.19
113.67984779,34.58666395,150.86,87.01,1.19
113.67984787,34.58666509,150.86,87.19,1.19
113.67984793,34.58666624,150.86,87.36,1.19
113.67984806,34.58666854,150.86,87.76,1.25
113.67984817,34.58667086,150.86,88.24,1.25
113.67984822,34.58667204,150.86,88.52,1.25
113.67984825,34.58667321,150.86,88.84,1.28
113.67984829,34.58667440,150.86,89.20,1.28
113.67984830,34.58667558,150.86,89.59,1.31
113.67984832,34.58667678,150.86,90.01,1.31
113.67984832,34.58667798,150.86,90.49,1.31
113.67984830,34.58667917,150.86,91.01,1.33
113.67984827,34.58668036,150.86,91.53,1.33
113.67984823,34.58668157,150.86,92.08,1.33
113.67984818,34.58668276,150.86,92.70,1.33
113.67984812,34.58668397,150.86,93.30,1.33
113.67984803,34.58668517,150.86,93.88,1.33
113.67984794,34.58668639,150.86,94.50,1.33
113.67984781,34.58668759,150.86,95.13,1.33
113.67984768,34.58668881,150.86,95.73,1.33
113.67984754,34.58669002,150.86,96.35,1.36
113.67984738,34.58669124,150.86,97.03,1.36
113.67984721,34.58669245,150.86,97.72,1.36
113.67984701,34.58669367,150.86,98.38,1.36
113.67984680,34.58669488,150.86,99.11,1.39
113.67984657,34.58669610,150.86,99.86,1.39
113.67984631,34.58669732,150.86,100.60,1.39
113.67984602,34.58669854,150.86,101.33,1.39
113.67984572,34.58669975,150.86,102.10,1.39
113.67984471,34.58670338,150.87,104.55,1.39
113.67984433,34.58670458,150.87,105.43,1.42
113.67984393,34.58670579,150.87,106.30,1.42
113.67984351,34.58670698,150.87,107.15,1.42
113.67984307,34.58670817,150.87,108.04,1.42
113.67984260,34.58670936,150.87,108.93,1.42
113.67984211,34.58671055,150.87,109.79,1.42
113.67984160,34.58671173,150.87,110.67,1.42
113.67984106,34.58671291,150.87,111.59,1.44
113.67984049,34.58671409,150.87,112.49,1.44
113.67983991,34.58671525,150.87,113.42,1.44
113.67983930,34.58671641,150.87,114.41,1.44
113.67983868,34.58671756,150.87,115.46,1.44
113.67983803,34.58671869,150.87,116.55,1.47
113.67983735,34.58671981,150.87,117.65,1.47
113.67983664,34.58672092,150.87,118.82,1.47
113.67983592,34.58672202,150.87,120.00,1.47
113.67983516,34.58672310,150.87,121.10,1.47
113.67983439,34.58672417,150.87,122.26,1.47
113.67983360,34.58672523,150.87,123.48,1.47
113.67983190,34.58672728,150.87,125.80,1.47
113.67983103,34.58672829,150.87,126.98,1.47
113.67982923,34.58673025,150.87,129.40,1.47
113.67982636,34.58673303,150.87,133.32,1.47
113.67982435,34.58673477,150.87,135.98,1.47
113.67982330,34.58673561,150.87,137.30,1.47
113.67982224,34.58673644,150.86,138.62,1.47
113.67982116,34.58673724,150.86,139.96,1.47
113.67982007,34.58673802,150.86,141.29,1.47
113.67981895,34.58673877,150.86,142.63,1.47
113.67981782,34.58673948,150.86,143.98,1.47
113.67981667,34.58674017,150.86,145.31,1.44
113.67981551,34.58674084,150.86,146.62,1.44
113.67981433,34.58674149,150.86,147.93,1.42
113.67981315,34.58674211,150.86,149.27,1.42
113.67981195,34.58674270,150.86,150.59,1.42
113.67981073,34.58674327,150.86,151.91,1.42
113.67980952,34.58674382,150.86,153.26,1.42
113.67980831,34.58674435,150.86,154.63,1.42
113.67980707,34.58674485,150.86,156.01,1.42
113.67980583,34.58674531,150.86,157.38,1.42
113.67980458,34.58674574,150.86,158.82,1.42
113.67980334,34.58674616,150.86,160.28,1.42
113.67980207,34.58674653,150.86,161.66,1.39
113.67980080,34.58674688,150.86,163.01,1.39
113.67979954,34.58674721,150.86,164.42,1.39
113.67979827,34.58674752,150.86,165.83,1.39
113.67979698,34.58674780,150.86,167.16,1.36
113.67979570,34.58674804,150.86,168.46,1.36
113.67979441,34.58674826,150.86,169.78,1.36
113.67979312,34.58674847,150.86,171.04,1.33
113.67979048,34.58674880,150.86,173.29,1.33
113.67978913,34.58674894,150.86,174.24,1.33
113.67978638,34.58674916,150.86,175.70,1.31
113.67978497,34.58674926,150.86,176.32,1.31
113.67978355,34.58674934,150.86,176.79,1.31
113.67978210,34.58674941,150.86,177.08,1.31
113.67978064,34.58674947,150.86,177.25,1.31
113.67977918,34.58674954,150.86,177.36,1.31
113.67977773,34.58674960,150.86,177.34,1.31
113.67977627,34.58674964,150.86,177.27,1.31
113.67977485,34.58674971,150.86,177.27,1.31
113.67977344,34.58674977,150.86,177.25,1.28
113.67977206,34.58674982,150.86,177.20,1.25
113.67977076,34.58674987,150.86,177.19,1.19
113.67976955,34.58674993,150.86,177.20,1.11
113.67976846,34.58674996,150.86,177.19,1.00
113.67976671,34.58675004,150.86,177.18,0.81
113.67976553,34.58675008,150.86,177.15,0.56
